Material ID: Al_MTP_06_100_eq_2000_offset_2000_ranfor_10000
Unit cell composition: Al32
Material:  Al
Site positions of initial unit cell:
 Al          Al          Al          Al         
 0.00000     0.00000     2.02395     2.02395    
 0.00000     2.02395     0.00000     2.02395    
 0.00000     2.02395     2.02395     0.00000    
Properties:
 Time        Epot        Ekin        Etot        Temp     MSD         Self_diff   LC_a      LC_b      LC_c      Volume      Pressure    DebyeT   Lindemann 
 fs          eV/atom     eV/atom     eV/atom     K        Å^2         mm^2/s      Å         Å         Å         Å^3/atom    GPa        K        1          
 100         -3.69693    0.03719     -3.65975    287.69   0.00121     2e-05       4.048     4.048     4.048     16.582    0.0         1959.26  0.00608    
 200         -3.69147    0.03424     -3.65724    264.87   0.00059     0.0         4.048     4.048     4.048     16.582    0.0         2697.13  0.00424    
 300         -3.69166    0.03458     -3.65708    267.51   0.00068     0.0         4.048     4.048     4.048     16.582    0.0         2523.59  0.00455    
 400         -3.69674    0.03579     -3.66095    276.91   0.00089     0.0         4.048     4.048     4.048     16.582    0.0         2243.92  0.00521    
 500         -3.6999     0.03693     -3.66297    285.71   0.00036     0.0         4.048     4.048     4.048     16.582    0.0         3570.65  0.00333    
 600         -3.6995     0.04326     -3.65624    334.7    0.00107     0.0         4.048     4.048     4.048     16.582    0.0         2247.69  0.00572    
 700         -3.6911     0.03454     -3.65655    267.25   0.00048     0.0         4.048     4.048     4.048     16.582    0.0         2987.56  0.00384    
 800         -3.69939    0.04026     -3.65913    311.48   0.00085     0.0         4.048     4.048     4.048     16.582    0.0         2434.33  0.00509    
 900         -3.69418    0.03374     -3.66044    261.03   0.00073     0.0         4.048     4.048     4.048     16.582    0.0         2402.51  0.00473    
 1000        -3.69839    0.04003     -3.65836    309.65   0.00054     0.0         4.048     4.048     4.048     16.582    0.0         3053.41  0.00405    
 1100        -3.69141    0.03707     -3.65434    286.79   0.00097     0.0         4.048     4.048     4.048     16.582    0.0         2184.18  0.00545    
 1200        -3.6939     0.04192     -3.65197    324.35   0.00061     0.0         4.048     4.048     4.048     16.582    0.0         2925.02  0.00433    
 1300        -3.6908     0.03119     -3.65961    241.3    0.00096     0.0         4.048     4.048     4.048     16.582    0.0         2012.83  0.00542    
 1400        -3.69132    0.03709     -3.65423    286.96   0.00062     0.0         4.048     4.048     4.048     16.582    0.0         2741.07  0.00434    
 1500        -3.69157    0.04009     -3.65148    310.14   0.00086     0.0         4.048     4.048     4.048     16.582    0.0         2415.11  0.00512    
 1600        -3.69279    0.0461      -3.64669    356.62   0.00086     0.0         4.048     4.048     4.048     16.582    0.0         2588.99  0.00513    
 1700        -3.69329    0.04828     -3.645      373.53   0.00082     0.0         4.048     4.048     4.048     16.582    0.0         2720.83  0.00499    
 1800        -3.6948     0.05251     -3.64229    406.26   0.00075     0.0         4.048     4.048     4.048     16.582    0.0         2953.69  0.0048     
 1900        -3.68561    0.04397     -3.64165    340.16   0.00073     0.0         4.048     4.048     4.048     16.582    0.0         2736.66  0.00474    
 2000        -3.68105    0.03496     -3.64609    270.44   0.00094     0.0         4.048     4.048     4.048     16.582    0.0         2157.28  0.00536    
 2100        -3.68662    0.04223     -3.64439    326.67   0.00058     0.0         4.048     4.048     4.048     16.582    0.0         3025.27  0.0042     
 2200        -3.68803    0.04075     -3.64728    315.29   0.001       0.0         4.048     4.048     4.048     16.582    0.0         2262.56  0.00551    
 2300        -3.69436    0.04205     -3.65231    325.32   0.00075     0.0         4.048     4.048     4.048     16.582    0.0         2647.56  0.00479    
 2400        -3.69146    0.03426     -3.6572     265.06   0.00067     0.0         4.048     4.048     4.048     16.582    0.0         2536.74  0.00451    
 2500        -3.69542    0.03761     -3.65781    290.97   0.00079     0.0         4.048     4.048     4.048     16.582    0.0         2437.56  0.00492    
 2600        -3.7009     0.0434      -3.6575     335.8    0.0006      0.0         4.048     4.048     4.048     16.582    0.0         3007.64  0.00428    
 2700        -3.70173    0.04557     -3.65616    352.57   0.00077     0.0         4.048     4.048     4.048     16.582    0.0         2718.47  0.00485    
 2800        -3.69904    0.04395     -3.65509    340.02   0.00068     0.0         4.048     4.048     4.048     16.582    0.0         2839.41  0.00456    
 2900        -3.6968     0.03389     -3.66291    262.21   0.00064     0.0         4.048     4.048     4.048     16.582    0.0         2568.42  0.00443    
 3000        -3.69416    0.02801     -3.66615    216.71   0.00084     0.0         4.048     4.048     4.048     16.582    0.0         2038.97  0.00507    
 3100        -3.69905    0.03453     -3.66452    267.14   0.00063     0.0         4.048     4.048     4.048     16.582    0.0         2615.94  0.00439    
 3200        -3.69833    0.03542     -3.66292    273.99   0.0007      0.0         4.048     4.048     4.048     16.582    0.0         2524.66  0.00461    
 3300        -3.70436    0.04347     -3.66088    336.31   0.00066     0.0         4.048     4.048     4.048     16.582    0.0         2872.38  0.00449    
 3400        -3.6993     0.03459     -3.66471    267.62   0.00066     0.0         4.048     4.048     4.048     16.582    0.0         2560.72  0.00449    
 3500        -3.69681    0.03525     -3.66156    272.68   0.00076     0.0         4.048     4.048     4.048     16.582    0.0         2409.93  0.00481    
 3600        -3.69832    0.03967     -3.65865    306.9    0.00066     0.0         4.048     4.048     4.048     16.582    0.0         2753.21  0.00447    
 3700        -3.69424    0.0352      -3.65904    272.3    0.00067     0.0         4.048     4.048     4.048     16.582    0.0         2570.7   0.00451    
 3800        -3.69428    0.03522     -3.65906    272.48   0.00072     0.0         4.048     4.048     4.048     16.582    0.0         2476.35  0.00468    
 3900        -3.69673    0.03628     -3.66045    280.71   0.00064     0.0         4.048     4.048     4.048     16.582    0.0         2658.36  0.00443    
 4000        -3.70118    0.03857     -3.66261    298.39   0.00066     0.0         4.048     4.048     4.048     16.582    0.0         2697.63  0.0045     
 4100        -3.70488    0.04366     -3.66122    337.75   0.00067     0.0         4.048     4.048     4.048     16.582    0.0         2863.6   0.00451    
 4200        -3.69611    0.03675     -3.65935    284.32   0.00081     0.0         4.048     4.048     4.048     16.582    0.0         2388.47  0.00496    
 4300        -3.69302    0.02953     -3.66349    228.42   0.00062     0.0         4.048     4.048     4.048     16.582    0.0         2438.33  0.00436    
 4400        -3.69744    0.03523     -3.66221    272.55   0.00068     0.0         4.048     4.048     4.048     16.582    0.0         2541.58  0.00456    
 4500        -3.69941    0.03699     -3.66242    286.17   0.0008      0.0         4.048     4.048     4.048     16.582    0.0         2412.75  0.00493    
 4600        -3.70126    0.03492     -3.66634    270.14   0.00055     0.0         4.048     4.048     4.048     16.582    0.0         2809.04  0.00411    
 4700        -3.69251    0.02722     -3.66528    210.61   0.00087     0.0         4.048     4.048     4.048     16.582    0.0         1978.42  0.00515    
 4800        -3.70048    0.03627     -3.66421    280.57   0.00053     0.0         4.048     4.048     4.048     16.582    0.0         2920.68  0.00403    
 4900        -3.69432    0.03058     -3.66374    236.6    0.00086     0.0         4.048     4.048     4.048     16.582    0.0         2114.22  0.00511    
 5000        -3.69867    0.03337     -3.6653     258.19   0.00069     0.0         4.048     4.048     4.048     16.582    0.0         2454.5   0.0046     
 5100        -3.69121    0.02818     -3.66303    218.01   0.00068     0.0         4.048     4.048     4.048     16.582    0.0         2284.61  0.00454    
 5200        -3.70515    0.04038     -3.66476    312.41   0.00083     0.0         4.048     4.048     4.048     16.582    0.0         2470.66  0.00503    
 5300        -3.70101    0.03797     -3.66305    293.72   0.00047     0.0         4.048     4.048     4.048     16.582    0.0         3186.42  0.00378    
 5400        -3.69355    0.03328     -3.66027    257.45   0.00095     0.0         4.048     4.048     4.048     16.582    0.0         2090.43  0.00539    
 5500        -3.68512    0.03147     -3.65365    243.45   0.00087     0.0         4.048     4.048     4.048     16.582    0.0         2122.9   0.00516    
 5600        -3.68486    0.03415     -3.65071    264.19   0.00074     0.0         4.048     4.048     4.048     16.582    0.0         2399.11  0.00476    
 5700        -3.69437    0.0387      -3.65566    299.43   0.00093     0.0         4.048     4.048     4.048     16.582    0.0         2282.61  0.00533    
 5800        -3.69494    0.04092     -3.65402    316.56   0.00064     0.0         4.048     4.048     4.048     16.582    0.0         2818.43  0.00444    
 5900        -3.69335    0.0397      -3.65365    307.14   0.00069     0.0         4.048     4.048     4.048     16.582    0.0         2676.55  0.0046     
 6000        -3.6974     0.04387     -3.65354    339.37   0.00077     0.0         4.048     4.048     4.048     16.582    0.0         2672.88  0.00484    
 6100        -3.68901    0.03541     -3.6536     273.98   0.00067     0.0         4.048     4.048     4.048     16.582    0.0         2578.15  0.00451    
 6200        -3.68694    0.03497     -3.65197    270.51   0.00101     0.0         4.048     4.048     4.048     16.582    0.0         2079.03  0.00556    
 6300        -3.69143    0.04086     -3.65057    316.1    0.00068     0.0         4.048     4.048     4.048     16.582    0.0         2747.38  0.00455    
 6400        -3.69285    0.04203     -3.65082    325.16   0.0008      0.0         4.048     4.048     4.048     16.582    0.0         2569.09  0.00493    
 6500        -3.69445    0.03551     -3.65894    274.73   0.0007      0.0         4.048     4.048     4.048     16.582    0.0         2526.77  0.00461    
 6600        -3.6998     0.04187     -3.65792    323.93   0.00065     0.0         4.048     4.048     4.048     16.582    0.0         2831.87  0.00447    
 6700        -3.69683    0.03449     -3.66233    266.83   0.00075     0.0         4.048     4.048     4.048     16.582    0.0         2396.13  0.00479    
 6800        -3.69403    0.03125     -3.66278    241.8    0.00073     0.0         4.048     4.048     4.048     16.582    0.0         2316.55  0.00472    
 6900        -3.6956     0.0329      -3.6627     254.49   0.00083     0.0         4.048     4.048     4.048     16.582    0.0         2228.51  0.00503    
 7000        -3.69775    0.03227     -3.66548    249.64   0.00066     0.0         4.048     4.048     4.048     16.582    0.0         2469.93  0.00449    
 7100        -3.70014    0.03437     -3.66577    265.93   0.00074     0.0         4.048     4.048     4.048     16.582    0.0         2410.79  0.00475    
 7200        -3.7055     0.03548     -3.67002    274.48   0.00061     0.0         4.048     4.048     4.048     16.582    0.0         2691.0   0.00433    
 7300        -3.70332    0.03472     -3.66861    268.57   0.00049     0.0         4.048     4.048     4.048     16.582    0.0         2991.51  0.00385    
 7400        -3.6992     0.02838     -3.67083    219.54   0.0008      0.0         4.048     4.048     4.048     16.582    0.0         2112.41  0.00493    
 7500        -3.70161    0.03207     -3.66954    248.08   0.00055     0.0         4.048     4.048     4.048     16.582    0.0         2690.84  0.00411    
 7600        -3.69519    0.0273      -3.66789    211.2    0.0008      0.0         4.048     4.048     4.048     16.582    0.0         2065.25  0.00494    
 7700        -3.69988    0.02489     -3.67499    192.53   0.00072     0.0         4.048     4.048     4.048     16.582    0.0         2079.84  0.00469    
 7800        -3.70713    0.02807     -3.67906    217.15   0.00058     0.0         4.048     4.048     4.048     16.582    0.0         2462.51  0.0042     
 7900        -3.70443    0.02563     -3.6788     198.28   0.00072     0.0         4.048     4.048     4.048     16.582    0.0         2109.41  0.00469    
 8000        -3.70557    0.03166     -3.6739     244.97   0.0005      0.0         4.048     4.048     4.048     16.582    0.0         2802.63  0.00392    

Time averages:
             Epot        Ekin        Etot        Temp     MSD         Self_diff   Pressure    Spec_heat   DebyeT   Lindemann  
             eV/atom     eV/atom     eV/atom     K        Å^2         mm^2/s      GPa         J/(K*Kg)    K        1          
             -3.69596    0.03651     -3.65945    282.47   0.00073     0.0         0.0         489.9537    2535.8   0.00469    