1.392221239165393754e-01 1.785916874514886232e-01 1.641911731125757223e-01
1.795502656643178652e-01 1.272941106212741036e-01 1.357777857489957385e-01
1.807869486384917623e-01 1.645622812478310659e-01 1.364430102031540248e-01
1.402033766796105252e-01 1.823763083571402210e-01 2.224673083122622463e-01
1.558122273497933030e-01 1.976733051910603001e-01 1.837022545727109712e-01
1.421881322348014509e-01 1.367538033556446042e-01 1.715613061528998839e-01
1.626450813722660760e-01 1.679205918043489287e-01 2.161681704546629113e-01
1.292675102158918066e-01 1.434272884564118944e-01 1.667725552992781191e-01
1.861957407642631235e-01 1.642909803165878702e-01 1.705483939550209993e-01
1.796017971133134772e-01 1.718625448974157033e-01 1.522492741782168479e-01
1.521344104672431863e-01 1.511035115842191690e-01 2.086456004862803915e-01
1.375782799415050384e-01 2.154287813115834116e-01 1.866479169830861928e-01
1.807030686665793140e-01 2.312661758030147841e-01 1.621386236297786831e-01
1.750326159693500472e-01 1.226505718620030660e-01 1.335667453052768183e-01
1.714915040777042765e-01 1.475562837974450925e-01 1.372952081004561453e-01
1.776898498253487169e-01 1.355118363278212945e-01 1.491173791840343099e-01
2.116372988421452161e-01 1.229442570067348084e-01 1.906862766764121919e-01
2.160796930058459242e-01 1.230756298260904796e-01 1.353178891769145631e-01
1.340818181412812005e-01 1.298964048789697789e-01 1.771661997183456294e-01
1.613486636975486055e-01 1.588952013122425233e-01 1.466055202545671621e-01
1.329844061508319575e-01 1.276917949313829959e-01 1.992869655916006677e-01
1.577625787955955761e-01 1.063457030085666333e-01 2.093094057081460180e-01
1.404312604857225755e-01 1.581616434282564487e-01 2.089952227040074717e-01
1.891848851531292008e-01 1.298221811425018524e-01 1.359947643766060144e-01
1.347879165841598670e-01 2.063919279350111546e-01 1.417493066007984304e-01
1.458908571931635256e-01 2.397084574387763900e-01 1.364852058805565149e-01
1.759854965572876517e-01 1.641551294082334855e-01 1.876849942464558496e-01
1.594347514708389923e-01 1.754443226418229140e-01 1.485922339394992464e-01
1.590417591434241940e-01 1.741522399895572004e-01 1.442752991225638159e-01
1.356023310287684525e-01 2.015788594764236219e-01 1.632483164515972363e-01
2.262772625843360308e-01 2.274368814649622428e-01 2.017160788871395216e-01
1.802200843430436517e-01 1.706727081651403244e-01 2.007871844901847058e-01
