# representation: CM, regressor: KRR
2.277921025703505993e+09
-1.022526158591139317e+09
-5.087519214499783516e+08
1.222951858980369329e+09
-6.577192010628163815e+08
2.572777323301628113e+09
-1.574451830711676478e+08
-5.208794514824251533e+08
1.258644134997017622e+09
1.590655537003015541e+07
-1.613193189803335190e+09
-5.471801268447924852e+08
-8.838182044390209913e+08
-7.082450334312400818e+08
4.765663371359493732e+08
-1.197417210116436005e+09
-1.039161607504362106e+09
1.222687858318984360e+08
-1.431509579334196806e+09
-1.448510839370129347e+09
-8.656083288133072853e+08
2.199728108688230515e+09
-9.377369464240282774e+08
5.354428940743614435e+08
-3.320396631169441156e+06
-1.446348170156218052e+09
-2.034265588392413855e+09
-2.181216252697173595e+09
1.809820463790563107e+09
-1.526037793977500200e+09
1.388448790600307941e+09
-1.694343275763663530e+09
-6.852724138123426437e+08
3.004099829754277468e+08
8.341880087028390169e+08
-9.510089107434059381e+08
1.237617375118294954e+09
-5.475715173607897758e+08
4.899149153950532675e+08
-2.337479949921283722e+09
1.133060282135605812e+09
-1.835173187194608450e+08
-1.293760022070282400e+08
6.556946216552600861e+08
8.190532662613899708e+08
3.806423440513523817e+08
-2.073061060075532675e+09
7.928713779002159834e+08
2.119830450770308018e+09
6.178329757456777245e+07
2.087860503296708584e+09
-4.966666925477697253e+08
2.178776629716670811e+08
1.096013018553126812e+09
1.553955061292983770e+09
-2.307535346943504810e+08
1.961654523257706761e+08
1.016240470614344597e+09
-1.545631946563847065e+08
-1.964830246746400356e+09
-7.421276871841256507e+06
-2.902167828136117458e+08
3.074971754064095020e+08
-2.508257028748050690e+09
6.914177903305927515e+08
7.935764984275803566e+08
-9.469667168701618910e+08
9.120710611460213661e+08
-2.037779182751033008e+08
1.023081134957400799e+09
2.717659983881516382e+07
8.612927867202943563e+08
-1.645110560515095234e+09
-2.244213359797990322e+09
-3.440944675296520442e+07
-4.999770755604234338e+08
5.441653169563155174e+08
2.331330019072449803e+08
-4.574895667667624354e+08
-1.146934465038869381e+09
-7.934256414182442427e+08
-6.387446594046248198e+08
5.807911164499633312e+08
2.094441250168839455e+09
-6.779857192044942379e+08
-3.669265103006253242e+08
-5.065195510333822966e+08
5.700248749740664959e+08
1.145882431150003672e+09
-3.804326735037186742e+08
8.372481213224571943e+08
1.557520553781728029e+09
-1.637243477292692661e+09
-1.166495555286263525e+08
6.140204496569331884e+08
1.265392173938095808e+09
-7.688013891959899664e+08
-8.665275254357032776e+08
-3.286674944227751344e+07
1.099252698120637655e+09
-8.933482063749120235e+08
-4.480768421935459971e+08
3.858019783465945125e+08
-9.382865816237965822e+08
1.348577851828205585e+09
-5.924313262124130875e+07
-7.633958034515963793e+08
-2.407815700854922295e+09
-6.760023389122831821e+07
-5.728363392277612686e+08
1.812672352810928583e+09
-9.914183966402308941e+08
1.161049163194150925e+09
-1.174291405464807510e+09
-1.492054923869804144e+09
1.470973496698361635e+09
-2.681171460728619248e+07
-7.081101176925463676e+08
3.820677749090467095e+08
6.262982570462343693e+08
2.192123407014687359e+08
-1.956510249364146948e+09
-6.822374055807043314e+08
5.389233089402422905e+08
-3.076275704567172378e+07
-7.616742406762182713e+08
-1.243639293871206045e+09
1.862147679418806076e+09
-2.295644547100097656e+09
1.519689259285031080e+09
-5.139228474518132210e+08
2.444847913822016716e+08
-1.667199458952789545e+09
1.989086153517336547e+08
-3.741664632486207485e+08
-1.254251306383304119e+09
-2.243115392770529259e+06
-1.170515106883616447e+09
-8.535048047581568956e+08
1.119943610359255075e+09
-1.116987095607171059e+09
1.841968783532260180e+09
2.560100640052303299e+07
1.003536541428952932e+09
-4.279413429148392677e+08
1.846287311643493176e+09
1.868782877972051203e+08
1.034397170066142201e+09
-2.592837140733435631e+09
-1.201347845553661138e+08
3.369612117984171212e+07
-6.215788437006314993e+08
-4.197082304602990299e+07
-2.230776506351521969e+09
-3.334215324886406064e+08
7.471765099503067732e+08
-1.572897334383055270e+08
-2.426349560426471531e+08
3.387013238583867550e+08
-9.982536851432707310e+08
-1.331242604043124318e+08
-1.807921326676411927e+08
3.098694411893703341e+08
1.213651808111450911e+09
3.585898166161945462e+08
9.353086468210102320e+08
1.567139670169722080e+09
4.692999023346520662e+08
1.302130085401393890e+09
-6.932691120449072123e+08
-8.046948560788366795e+08
3.490865447617358685e+09
-1.744797158659436226e+09
5.672319941173881292e+08
1.402918629156880140e+09
-1.640217779693839550e+09
-5.453265401520922035e+07
-1.151344235634015799e+08
1.437446482407747030e+09
6.229123788400044441e+08
-2.071492494474637032e+09
-1.539931969765320122e+08
1.612816664253214002e+08
1.066005814901763797e+09
1.141732873281002492e+08
9.129103813469985127e+07
7.014577543883985281e+08
-1.267334377152158976e+09
-1.251889253380434513e+09
-1.214408975507208824e+09
-9.849075452063505352e+07
-5.608837448455517292e+08
-9.477652018541545868e+08
2.645435302848707676e+09
1.822608226732390642e+09
-1.167091572981598139e+09
2.896699585638191104e+08
6.975168276714161634e+08
1.640280715066061258e+09
-6.028263047019541264e+07
6.142364176055635214e+08
-1.262130936684804201e+09
1.433265660504995823e+09
-6.807659588554922342e+08
4.341033541433707476e+08
1.179188659948201656e+09
-4.651851249273586273e+08
-2.985952622680507898e+08
-9.247953475521192551e+08
-1.406361344761864185e+09
1.354027050082178116e+09
3.223792820185551047e+08
-5.243147364222882390e+08
2.100663996605849028e+09
3.129170419668865204e+08
4.463286249329624176e+08
-1.054238282459407806e+09
-1.032507385933243871e+09
1.296359001214706898e+09
-3.746984840588238835e+08
-2.097764886065688133e+08
5.606923660224360228e+08
-3.228429374976307750e+08
3.177584034775095582e+08
-1.596304304867123604e+09
6.255594819158195257e+08
-1.889371154089325666e+09
5.147125274169508368e+07
-2.442865814939665318e+09
1.488123597088048935e+09
-9.452474490814793110e+08
1.217193414285525799e+09
5.788294687923218012e+08
2.922223346385118365e+08
-2.707915827807189226e+08
-7.428333672676053047e+08
5.424946834116972923e+09
-6.845525659406455755e+08
-2.369930371220798790e+08
-2.402771550447618961e+09
1.479439136473194599e+09
-1.676515482390040755e+08
-1.209087173690336466e+09
-2.158207867915715575e+08
1.319275543128902018e+08
-2.229539342067307234e+08
-1.487214443202290535e+09
-1.293786171693584174e+08
1.785857059897490263e+09
-3.519543411929189682e+09
-6.039923766658546925e+08
8.346057918907119036e+08
8.138263490185479820e+07
-1.679339288102053642e+09
5.692966666232530594e+09
1.816040108350683451e+09
9.345402219604018927e+08
-1.497334825735026300e+08
-9.988148747075586319e+08
3.154866654607918262e+09
-1.220093914028621614e+08
-3.867908124638320208e+08
7.388559667644850016e+08
-1.299082798035186529e+09
1.210352266556827307e+09
2.962083339314288497e+08
-1.177565196218343228e+08
-1.349534784547999382e+09
1.748699196832665429e+07
-2.875483321008535862e+09
9.436402298026610613e+08
5.779434652868869305e+08
1.169103725701206923e+09
1.853464898259995461e+09
-3.648130247058839798e+08
6.977117249085521698e+08
-7.059834442986747026e+08
5.114432618995273113e+08
7.473182317491892576e+08
8.892632329653435946e+08
2.173566529885431826e+08
1.974786284037321806e+08
-1.551970286272267342e+09
-1.048930869534970999e+09
-3.033081390739721656e+08
-3.383826100753966570e+08
-8.360630231015062332e+08
-3.132496070786631107e+08
-2.451666083522358894e+09
-1.564475569815155506e+09
1.076265734022463322e+09
-4.089589919523453712e+07
6.461843069231930971e+08
-1.680974313531793594e+09
3.090209272956457615e+09
-1.997503602216552496e+08
5.473790568373429775e+08
-1.563639627846318007e+09
-1.197989757327612877e+09
4.332614315466589928e+08
-1.681252044839499891e+08
-2.281695691937160492e+08
-1.595023035112241030e+09
2.402300470764343441e+08
-2.225659158907968521e+09
1.556787894372687101e+09
-5.948321018571829796e+08
-2.473877976179226115e+07
-5.782052911161304712e+08
3.052774061122422218e+09
1.056529590139501810e+09
-3.789234636751288176e+08
-9.579255742833170891e+08
-2.158686959302431107e+09
-8.938471296743333340e+08
-7.688043214154551029e+08
2.215476909118411541e+09
1.724251114371324062e+09
7.135039951958494186e+08
-3.797005933333627582e+08
1.351151444896796942e+09
-3.523066046705241203e+08
3.050047280092266798e+08
5.499682251512026787e+08
-2.755112183498380184e+09
-1.736443315791002274e+09
2.470334361019856930e+08
-1.322952675877545357e+09
-3.686324459365753531e+08
-1.603015713962414861e+08
1.369648586321115971e+09
-1.287138593501504421e+09
1.123557934720472574e+09
1.149686551701428413e+09
1.499624975886196852e+09
-1.315135600349218130e+09
9.823592214420040846e+08
3.389807225267914534e+08
-1.167396180494978428e+09
-3.571179616753212214e+08
-1.832989261986815929e+08
-5.320334239359101057e+08
-1.163047553945745468e+09
2.033614323201277554e+08
1.288721132240708828e+09
1.042185148325933814e+09
1.457695026854273975e+08
1.667559997258764267e+09
-1.544901597005228758e+09
3.552735757177751064e+08
3.519895417548693419e+08
-5.891343199560215473e+08
-1.386471125468683720e+09
1.479408123146063566e+09
3.165803672025622129e+08
5.056518767301185131e+08
1.105370184907949269e+08
1.442183823224469423e+09
8.576251945906655788e+08
-8.398634884848871231e+08
3.565175093449899554e+07
-2.441227087828968763e+08
1.505018249302857399e+09
-8.036595990900857449e+08
-8.971105376282649040e+08
2.568725431810022831e+09
4.823825760311307907e+08
-4.688913439240705371e+08
8.475551076984815598e+08
1.351315969221295834e+09
-9.871435269189429283e+07
5.806950022177457809e+08
-1.630081306741612554e+08
1.595132871709802389e+09
2.983676759474351406e+08
-9.382886145594041348e+08
1.691250116636607170e+09
8.615837184119943380e+08
-5.865088732144196033e+08
1.621080915250077546e+08
-1.665178715580138206e+09
5.355100342671325803e+08
4.805429184806379676e+08
1.050625028351481199e+09
4.879956684662765265e+08
-7.574235618641291857e+08
1.025709748836155415e+09
3.387173691494845748e+08
-1.116457493580134869e+09
2.858293310623941422e+08
2.351376978190706074e+08
-4.180465019891339540e+08
1.544079105882109404e+09
-1.945793743618074656e+09
1.376568292947108746e+09
4.409669949981859326e+08
2.759424154686384797e+08
-1.042156555343099952e+09
7.658593199365003109e+08
-2.439856981993621826e+09
8.044175208815443516e+07
-1.077147405692589045e+09
7.711706979349970818e+08
-5.893719237009670734e+08
6.345553299735642225e+07
-9.149606999770057201e+07
-9.817626639113644361e+08
-1.211030686246112585e+09
-2.692650538761601448e+08
-1.948984169728326797e+09
-4.820081004266422987e+08
-7.959054082007496357e+08
5.350020854864476919e+08
1.925789004936451912e+09
-2.286607884504849434e+09
4.208230873127486706e+08
-2.006828932870539427e+09
-5.167060532347936034e+08
-2.732961849348093271e+08
1.699442278212328851e+08
1.330973740961326361e+09
-5.145953451281906962e+08
9.029632938293699920e+07
-2.887696193662185192e+09
4.637506601003988266e+09
3.351754108184452057e+08
-9.065922045896854401e+08
3.264810413756669164e+08
-4.062737416682751775e+08
-8.116081100286225080e+08
-1.939642457314534426e+09
6.356902984847508669e+08
-6.907310270830427408e+08
-3.738089729501307011e+08
1.415289372041057646e+08
-1.843576999993823171e+08
9.391330733579047918e+08
-1.302441012941667140e+08
-1.901064436746653795e+09
8.061673446017679572e+07
1.182096202354362726e+09
-1.541162992712908268e+09
5.187468329118825197e+08
1.364977580452323437e+09
-8.310863900391293764e+08
-5.770001655770541430e+08
2.865067923548816442e+08
1.202210996750758648e+09
1.217301752763210773e+09
3.566702995960415602e+08
-6.099102682933239937e+08
-1.034831539156450629e+09
-9.335318528514074087e+08
8.369059316028252244e+07
8.759710360823019743e+08
-2.494532430527868867e+07
4.113843543247294426e+08
4.694631727650269270e+08
-9.537760225217974186e+08
1.338910347944467306e+09
3.481595711381071806e+07
-1.315255425014892817e+09
1.040462180084116697e+09
-7.121621113899602890e+08
-6.280447322375972271e+08
-8.305415923226133585e+08
2.151128095001274586e+09
4.414901467001018524e+08
-1.713534051172806025e+08
2.483634744386302471e+09
-4.854400378364870548e+08
3.748591069938649535e+08
1.031827413287621439e+08
1.626321941832296133e+09
-6.689448777169959545e+08
5.580211130028938055e+08
-1.059796797666472435e+09
8.170927216216924191e+08
1.032188041447101116e+09
-2.283361400142306328e+09
-2.773533309221662521e+09
2.114546984086142182e+08
1.651866925835344076e+09
7.198449750817018747e+08
1.476461559321062088e+09
-3.480707315487835407e+08
-2.715960800227394700e+08
8.387575046269883215e+07
-4.124584378808434606e+08
1.559001422845379353e+09
1.616070095913678169e+09
1.558684176489752054e+09
5.534684215526671410e+08
9.170047094037559032e+08
-1.220439572753719807e+09
3.006435502819626331e+09
1.043641173201333761e+09
1.168341147688721418e+09
1.986033873885081291e+09
4.322489202372571826e+08
-5.436494545965986252e+08
4.114841430499150753e+08
-1.282334834388750196e+08
-4.690565438297569752e+08
-1.325981774599516839e+08
-1.003697751003675103e+09
-1.997683030816112995e+09
9.220480017185471058e+08
-1.752293593945491910e+08
-5.671118689319813251e+08
-1.664504454827232054e+06
6.537411301090003252e+08
5.955406989799586684e+07
1.189111155384397984e+09
-1.369386127105418921e+09
1.638006696503484488e+09
2.552915248290279806e+08
-1.768681089521402836e+09
-2.004469905017984152e+09
-2.390446516496309340e+08
3.585564680459337234e+08
2.061955876532306075e+08
-2.032840669171639979e+08
-1.935742494410775423e+09
-3.078586490787138790e+07
9.821562780426795781e+07
2.612202087020141602e+09
1.909520409920923233e+09
-1.764242489639548302e+09
-6.792928175663466454e+08
2.629441346428877354e+09
2.857455111041155457e+08
-1.724726190969639063e+09
-3.363012065383476615e+08
-3.031045742771813273e+08
9.433987696226906776e+08
1.630878222754416227e+09
9.790006571168455482e+07
-7.755030605739856958e+08
6.206926649228855371e+08
1.505459026113608599e+09
4.714020376100478172e+08
3.119411358536414146e+09
3.185225931224108338e+08
-9.132030274418064356e+08
5.978822604719272852e+08
1.019038853124650121e+08
-4.851213404956424236e+08
8.674861896012295485e+08
1.865880003407397270e+08
-7.404340141952145100e+08
-4.556742540146885514e+08
2.123522200965915918e+08
8.257199251245683432e+08
4.256713245777264237e+08
-8.734039778391934633e+08
-1.096790676895471334e+09
1.100453411391948700e+09
4.848494765440221429e+08
7.862676922592557669e+08
9.397365010523821115e+08
-8.424258879368566275e+08
8.322045497414081097e+08
-7.299104902573648691e+08
-1.765716207805131435e+09
9.410457724303021431e+08
-1.630283003157715559e+09
-7.966180236563863754e+08
-2.642547385204094887e+09
-1.765117553310864687e+09
1.516773701229632616e+09
9.976656704613640308e+08
3.026575498896229267e+08
1.055066107946384668e+09
-5.728302661131877899e+08
-2.152730702119832993e+09
1.832500007771730900e+09
1.683882661114133358e+09
-1.294795720422237158e+09
1.375134183495511055e+09
1.272809186386274815e+09
9.949930584637421370e+08
6.164413637895317078e+08
-1.681049804586591482e+09
-1.076123084994862318e+09
1.533894049179968357e+09
-1.285740282681824863e+08
1.746876387965091690e+07
4.987535869605986476e+08
-1.850739790028256416e+09
-8.397393166543211937e+08
1.174386490884963989e+09
1.293226341014922857e+09
2.529098510915859640e+08
6.838322074624016881e+07
-1.283192831805412054e+09
-1.154725794253292322e+09
-1.852976107850222349e+09
1.015139888731621385e+09
4.020155731847142801e+06
2.044943429420370758e+08
6.406286106932725757e+07
-1.337446901226478338e+09
-1.300057409265413284e+09
-5.944222845183064938e+08
-6.193081555866203308e+08
-2.570472274510856628e+09
-5.618005128798624277e+08
-2.968533797902309895e+08
-1.854483035198452711e+09
7.854795888867658377e+08
-2.581509023690891743e+09
8.399080487597647905e+08
6.047721033686860800e+08
-2.043720336000231028e+09
1.783943716101846457e+09
8.636662467323860526e+07
2.153920535377050936e+08
3.319676576177779436e+08
7.085847551803345680e+08
-2.222965342649971485e+09
-1.858589501623260021e+09
-4.938891236085286140e+08
-6.820689261540843248e+08
8.847947862112027407e+08
-1.206602291597343206e+09
6.232369698323669434e+08
1.574382307296460390e+09
1.683193291335925102e+09
-9.405925943810354173e+07
1.260427532320260853e+08
-1.926983943063986301e+09
-7.239820348323788643e+08
1.522352243663773537e+09
-8.927248464207991362e+08
-9.090942354324096441e+07
3.530016853977965713e+08
4.814734856600320339e+08
-2.005221814768651962e+09
-9.035140620045562983e+08
1.425538988225442410e+09
9.605237834680153131e+08
-3.738098444049777389e+08
7.853342057915670872e+08
-4.256561517888134122e+08
-1.609642438352404356e+09
-1.677365440138927996e+08
-1.786098890657707214e+09
1.454639432196456671e+09
6.515701962260822058e+08
3.465080582030766010e+08
-6.973185327168611288e+08
-3.725498195343518257e+08
1.188181705373484612e+09
-2.413493276472303867e+08
-2.394113627818853557e+08
-2.756497883249415755e+08
-1.126392239310628653e+09
1.948453143974675536e+08
9.181666585754908323e+08
-1.436357691457079887e+09
-1.423594276004385650e+08
-5.048695244012275338e+08
3.847325104446469545e+08
-6.714414096970821619e+08
8.354523699929280281e+08
-1.872076737177583575e+08
6.270714081922258139e+08
5.474933196056576967e+08
-7.983201516910758018e+08
-1.117897498450693130e+09
-6.411611922331005335e+08
-9.156224130064523220e+07
4.490002273409144282e+08
1.208477548162271231e+08
-1.669340850699028187e+07
1.653432278765604734e+09
1.353919264512328148e+09
1.051287650576231003e+09
5.240776984518890381e+08
-2.942085369484363794e+08
2.432797036004292369e+08
-1.258531548960035086e+09
1.124166559506078243e+09
8.450326962066206932e+08
-8.511900516492092609e+08
-1.458369631443613052e+09
1.850356550701230288e+09
-1.433318490025282621e+09
1.796495541078364134e+09
-1.061130156671177864e+09
-9.018129412185113430e+08
-1.463751286991698742e+09
-1.194347355755693913e+09
-1.968395357525755882e+09
-4.008797152520207167e+08
-1.344231590035762787e+09
-1.627407395675673723e+09
-1.272123980246459246e+09
-6.306361375483672619e+08
4.889979733134212345e+07
-3.367241052857655883e+08
2.718245612365598202e+09
6.763047255344487727e+07
-9.315547884437811375e+08
1.382784738303071260e+09
9.878573496490451097e+08
-2.410820251901273727e+09
6.505514659228528738e+08
-1.880942542500519276e+09
3.521275978696687698e+09
-7.291161514179000854e+08
6.445385366469534636e+08
6.403942783347355127e+08
5.992679238018167019e+07
2.664649471652741909e+09
5.208433988525415063e+08
5.750057004898899794e+08
1.824071490527760029e+09
-2.624757920390077591e+09
-2.350510638104184628e+09
-5.874020803510178626e+07
2.496445250657745302e+08
-1.409159596224112272e+09
-2.638080772687835693e+08
1.832337108430738688e+09
-1.306299851377113581e+09
9.363093184489186108e+07
5.757620522284525633e+08
1.709748559815136433e+09
4.271028182287351489e+08
-3.292623507862156630e+08
-8.680198416759755611e+08
3.611472473536233902e+08
-4.947718440861309171e+08
-6.086750010106277466e+08
-2.196957079855742455e+09
-4.778048575662204027e+08
-1.016630543095572948e+09
5.119068179502713680e+07
-4.367152269350504279e+08
-3.940410661130119562e+08
4.923190730175185204e+08
8.385373239235386848e+08
-1.449159053519915819e+09
-1.091692502975310087e+09
1.432797918580220222e+09
2.209676080291316032e+09
4.121939524844402075e+08
-2.502951663248089790e+09
-1.988967055099478960e+09
-7.608857706713463068e+08
9.482680920452631712e+08
2.038856958917898893e+09
2.552271279507949054e+08
-1.265860756152086973e+09
-1.135140460551135093e+08
9.704924883476412296e+08
-1.198251792818870544e+09
-1.061025166697127104e+09
-6.344354139127639681e+07
5.037785666400519013e+08
-1.455757873049354315e+09
-1.321046659392112732e+09
1.454906149603728533e+09
6.516203736146742105e+08
-9.982536722750200033e+08
-2.448276566963223934e+09
-2.265221774537318349e+08
-1.624198294536198139e+09
3.328388505365060329e+09
2.023968727889548302e+09
1.095459550949472427e+09
-1.410771845638843179e+08
1.646919811164285898e+09
1.512504040245370865e+09
-1.020262009334196806e+09
-4.364554592350164652e+08
2.588745972177313805e+09
1.142737165230574608e+09
-1.777248735868054926e+08
-2.255397628306658864e+08
-2.569169315990371704e+08
-6.850927915219528675e+08
-1.494308820818441868e+09
-2.033385541236608744e+09
1.482002795567957401e+09
2.041842505098606586e+09
-6.596646309284608364e+08
-3.475015265269586444e+08
-1.340631361124213934e+09
-2.048527305802173376e+09
1.933273497154529572e+09
7.005913315435154438e+08
8.590391146030693054e+08
-1.384364310695639849e+09
-3.258645444326283932e+08
-6.215926446687989235e+08
-1.538564368362977028e+09
2.162907853258264065e+08
-6.745664179197226763e+08
2.120682345344024420e+09
7.155705340236799717e+08
-7.627236327976508141e+08
2.605221817372501269e+07
4.438555039464808702e+08
8.268796064833431244e+08
-1.848510760938887119e+09
2.800651908625087142e+08
-1.248954909204533100e+09
4.502901605656124949e+08
7.409479059985871315e+08
-5.288344177922329307e+08
-1.603228487145892143e+09
-4.383055235056855083e+08
-1.917392019859963894e+09
-4.493913425951176286e+08
9.427828829092010856e+07
2.695481840362440422e+07
1.425591722572267056e+09
3.329574330916359648e+07
7.148108103940286636e+08
-4.986366444898452759e+08
2.929567439914375544e+08
-1.483266512665648460e+09
4.118003019174222946e+08
-5.614233797446248531e+08
4.071036340510062575e+08
-1.369293987203690290e+09
-1.215526904723143429e+08
1.556002511895046949e+09
1.147921258469654322e+09
5.892775440403213501e+08
4.734657753731953502e+08
1.501584001908970118e+09
-2.856817904983347058e+08
-9.385603605730599165e+08
6.861332383926997185e+08
4.092197626664002538e+08
-4.434978585238589644e+08
-9.036478887775373459e+08
-2.215890382617288113e+09
-1.166241446310277283e+08
-8.982927811519494057e+08
-1.992676002112103999e+08
6.150766526115694046e+08
3.877188483306316733e+08
-7.045219017777299881e+07
7.601629788253138959e+07
-1.211073993323369980e+09
-1.010350879195337534e+09
5.657834889015004635e+08
6.780962725161473751e+08
-7.271780412807516754e+07
-1.658265002547503233e+09
1.865857888371942341e+08
1.652046208951170206e+09
2.308281116112744331e+09
-9.442506451675053835e+08
5.462380541782272048e+05
1.641255600585856438e+09
-2.559633332045942307e+09
2.763027738439837471e+07
-6.971444857719429731e+08
2.264004152118359506e+08
1.883540182642801285e+09
6.247424038947619200e+08
1.967966183684233427e+09
1.748032104437768161e+08
1.830458212809632778e+09
-1.237424221163370609e+09
1.238321495747332573e+09
-4.692541932010898739e+07
7.692775421107143164e+08
-6.667136119854023457e+08
-1.422246755873483419e+09
2.066996385090508699e+09
8.178875479592506886e+08
1.302515217033205509e+09
-2.525791892979808450e+08
-5.411670550805979967e+08
-3.260194614099072933e+09
1.002125585703914523e+09
-6.781910118870652914e+08
-1.762137977544059753e+09
1.562361297499294758e+09
-7.104519172273294926e+08
1.155493221173090219e+09
1.166580369628664404e+08
3.267451417661855221e+08
-1.312875533466977835e+09
2.314102598402731419e+09
-5.829076447380373478e+08
9.377118464781962633e+08
1.168404577515916824e+09
9.540235439594297111e+07
5.851427229840167761e+08
3.619721339546523690e+08
1.423934164372622013e+09
1.418750225575340390e+08
-5.027401449020651579e+08
1.983979751595697165e+09
-1.054723251819589734e+09
5.113012536421614289e+08
3.027721360826121807e+09
1.202636909812886268e+08
7.240513570040885210e+08
1.344592957768102407e+09
6.787456687632787228e+08
-3.273592967648230195e+08
7.236312381418696642e+08
-4.998385143410657048e+08
7.953299444417854548e+08
1.221139993472637653e+09
1.681891516187542677e+08
-1.241264797946711779e+09
7.210504924391964674e+08
-9.377585634967840910e+08
1.147095842390110493e+09
1.597326287629383087e+09
1.112400409459503740e+08
-2.571528467406006157e+08
2.365997461224787831e+08
-6.877140993296737671e+08
2.180896148444051147e+08
1.116648604126151055e+08
-4.518069145032836199e+08
2.392339072264238000e+08
1.448938337670426369e+09
2.188695221274681568e+09
-5.325074843731975555e+08
-5.558477410972490311e+08
6.959546769076778889e+08
-1.364675775140249491e+09
-9.000814060112514496e+08
-1.501087853205517054e+09
-2.553074440290260792e+09
1.106169834516493797e+09
2.308771852792846680e+09
3.445678165347670913e+08
1.282216358252864838e+09
1.438452083264943600e+09
-1.799227570825307667e+08
2.644127216478868961e+09
-2.560928508301600456e+09
1.853228360326341629e+09
-1.243059105138521671e+09
-6.172207186331605911e+08
-7.367111769423822165e+08
1.111447782091046572e+09
-2.827824262906853676e+09
1.360166212336334586e+08
-1.036464328478273749e+09
2.156116590122244954e+08
8.257713425336707830e+08
-9.084244037592692375e+08
7.632613464784032106e+08
1.016684381096632481e+09
-4.590204790451806188e+08
-2.877940815788929939e+09
2.780198903785699606e+08
-1.178645684120914221e+09
-6.397808165618386269e+08
-9.371004298680142164e+08
3.238518323713369370e+08
1.174958977614367247e+09
1.059148660797148228e+09
-1.673413642994141102e+09
3.613119826468318105e+08
-3.295965959699445367e+08
1.879225096803184032e+09
2.242315279618298531e+09
4.187810131804892421e+08
1.238065027988031864e+09
1.326657743509085774e+08
-1.001279589865269661e+09
-6.823607369980386496e+08
-4.365747693270097375e+08
-8.210676638658361435e+08
-6.541526489129385948e+08
-1.093258963161648273e+09
5.503847529499909878e+08
6.560480295511312485e+08
-6.367024576230905056e+08
4.076634451077156663e+08
-5.269902938467680812e+08
3.417945559896307588e+08
4.056686530414140224e+08
1.396893761825892925e+08
-1.048494886368456721e+09
-6.191596840299593210e+08
-3.756278237474596500e+09
1.773697782062592506e+09
-4.567132514801056981e+08
9.091415925834497213e+08
-2.379149814974460125e+09
1.766193633902523994e+09
-5.439086191666096449e+08
3.975522360157230496e+08
1.282008805748307228e+09
