3.692155707829999578e+00
3.692155707829999578e+00
3.692155707829999578e+00
3.692155707829999578e+00
3.692155707829999578e+00
3.692155707829999578e+00
3.692155707829999578e+00
3.692155707829999578e+00
3.692155707829999578e+00
3.692155707829999578e+00
3.692155707829999578e+00
3.692155707829999578e+00
3.692155707829999578e+00
3.692155707829999578e+00
3.692155707829999578e+00
3.692155707829999578e+00
3.692155707829999578e+00
3.692155707829999578e+00
3.692155707829999578e+00
3.692155707829999578e+00
3.692155707829999578e+00
3.692155707829999578e+00
3.692155707829999578e+00
3.692155707829999578e+00
3.692155707829999578e+00
3.692155707829999578e+00
3.692155707829999578e+00
3.692155707829999578e+00
3.692155707829999578e+00
3.692155707829999578e+00
3.692155707829999578e+00
3.692155707829999578e+00
3.692155707829999578e+00
3.692155707829999578e+00
3.692155707829999578e+00
3.692155707829999578e+00
