1.347488566518125097e+00
1.347488566518125097e+00
1.347488566518125097e+00
1.347488566518125097e+00
1.347488566518125097e+00
1.347488566518125097e+00
1.347488566518125097e+00
1.347488566518125097e+00
1.347488566518125097e+00
1.347488566518125097e+00
1.347488566518125097e+00
1.347488566518125097e+00
1.347488566518125097e+00
1.347488566518125097e+00
1.347488566518125097e+00
1.347488566518125097e+00
1.347488566518125097e+00
1.347488566518125097e+00
1.347488566518125097e+00
1.347488566518125097e+00
1.347488566518125097e+00
1.347488566518125097e+00
1.347488566518125097e+00
1.347488566518125097e+00
1.347488566518125097e+00
1.347488566518125097e+00
1.347488566518125097e+00
1.347488566518125097e+00
1.347488566518125097e+00
1.347488566518125097e+00
1.347488566518125097e+00
1.347488566518125097e+00
1.347488566518125097e+00
1.347488566518125097e+00
1.347488566518125097e+00
1.347488566518125097e+00
