Material ID: Al_MTP_06_100_eq_0_ranfor_10000
Unit cell composition: Al32
Material:  Al
Site positions of initial unit cell:
 Al          Al          Al          Al         
 0.00000     0.00000     2.02395     2.02395    
 0.00000     2.02395     0.00000     2.02395    
 0.00000     2.02395     2.02395     0.00000    
Properties:
 Time        Epot        Ekin        Etot        Temp     MSD         Self_diff   LC_a      LC_b      LC_c      Volume      Pressure    DebyeT   Lindemann 
 fs          eV/atom     eV/atom     eV/atom     K        Å^2         mm^2/s      Å         Å         Å         Å^3/atom    GPa        K        1          
 100         -3.72864    0.03115     -3.69749    240.97   0.0         0.0         4.048     4.048     4.048     16.582    0.0         inf      0.0        
 200         -3.69819    0.02904     -3.66916    224.66   0.02166     0.00018     4.048     4.048     4.048     16.582    0.0         409.71   0.02571    
 300         -3.69451    0.04011     -3.6544     310.29   0.02315     0.00013     4.048     4.048     4.048     16.582    0.0         465.73   0.02658    
 400         -3.69176    0.03838     -3.65338    296.95   0.02623     0.00011     4.048     4.048     4.048     16.582    0.0         427.99   0.02829    
 500         -3.68851    0.03534     -3.65316    273.41   0.02985     0.0001      4.048     4.048     4.048     16.582    0.0         384.97   0.03018    
 600         -3.69121    0.03501     -3.6562     270.86   0.03167     9e-05       4.048     4.048     4.048     16.582    0.0         372.0    0.03109    
 700         -3.70298    0.03874     -3.66424    299.71   0.01906     5e-05       4.048     4.048     4.048     16.582    0.0         504.47   0.02411    
 800         -3.70058    0.03068     -3.6699     237.36   0.02114     4e-05       4.048     4.048     4.048     16.582    0.0         426.22   0.0254     
 900         -3.69345    0.04242     -3.65103    328.19   0.02586     5e-05       4.048     4.048     4.048     16.582    0.0         453.12   0.02809    
 1000        -3.6957     0.03612     -3.65958    279.43   0.02598     4e-05       4.048     4.048     4.048     16.582    0.0         417.21   0.02815    
 1100        -3.70031    0.03804     -3.66227    294.28   0.01855     3e-05       4.048     4.048     4.048     16.582    0.0         506.65   0.02379    
 1200        -3.70343    0.02973     -3.6737     230.01   0.01506     2e-05       4.048     4.048     4.048     16.582    0.0         497.18   0.02143    
 1300        -3.70146    0.04141     -3.66005    320.34   0.01962     3e-05       4.048     4.048     4.048     16.582    0.0         513.97   0.02447    
 1400        -3.69308    0.04353     -3.64954    336.78   0.02451     3e-05       4.048     4.048     4.048     16.582    0.0         471.48   0.02735    
 1500        -3.68814    0.04548     -3.64266    351.87   0.03226     4e-05       4.048     4.048     4.048     16.582    0.0         420.1    0.03138    
 1600        -3.68936    0.03694     -3.65243    285.75   0.02699     3e-05       4.048     4.048     4.048     16.582    0.0         413.93   0.0287     
 1700        -3.69322    0.03124     -3.66198    241.68   0.02054     2e-05       4.048     4.048     4.048     16.582    0.0         436.34   0.02504    
 1800        -3.69369    0.03566     -3.65802    275.92   0.02304     2e-05       4.048     4.048     4.048     16.582    0.0         440.16   0.02652    
 1900        -3.69471    0.04062     -3.65408    314.28   0.02369     2e-05       4.048     4.048     4.048     16.582    0.0         463.29   0.02689    
 2000        -3.69647    0.0408      -3.65568    315.62   0.01982     2e-05       4.048     4.048     4.048     16.582    0.0         507.59   0.02459    
 2100        -3.69166    0.04427     -3.64738    342.5    0.02582     2e-05       4.048     4.048     4.048     16.582    0.0         463.27   0.02807    
 2200        -3.6935     0.04201     -3.65149    325.03   0.02472     2e-05       4.048     4.048     4.048     16.582    0.0         461.2    0.02747    
 2300        -3.69059    0.03588     -3.65471    277.59   0.02779     2e-05       4.048     4.048     4.048     16.582    0.0         402.02   0.02912    
 2400        -3.70157    0.03714     -3.66443    287.31   0.01644     1e-05       4.048     4.048     4.048     16.582    0.0         531.76   0.0224     
 2500        -3.69579    0.03426     -3.66154    265.02   0.02505     2e-05       4.048     4.048     4.048     16.582    0.0         413.78   0.02765    
 2600        -3.69479    0.02947     -3.66532    228.0    0.02917     2e-05       4.048     4.048     4.048     16.582    0.0         355.62   0.02984    
 2700        -3.69582    0.03401     -3.66181    263.09   0.02287     1e-05       4.048     4.048     4.048     16.582    0.0         431.47   0.02642    
 2800        -3.68814    0.03634     -3.65179    281.17   0.02778     2e-05       4.048     4.048     4.048     16.582    0.0         404.7    0.02911    
 2900        -3.69048    0.0315      -3.65898    243.71   0.02813     2e-05       4.048     4.048     4.048     16.582    0.0         374.44   0.0293     
 3000        -3.6994     0.04308     -3.65632    333.27   0.02292     1e-05       4.048     4.048     4.048     16.582    0.0         485.08   0.02644    
 3100        -3.69067    0.03711     -3.65356    287.09   0.0263      1e-05       4.048     4.048     4.048     16.582    0.0         420.25   0.02833    
 3200        -3.69652    0.04175     -3.65478    322.97   0.02503     1e-05       4.048     4.048     4.048     16.582    0.0         456.95   0.02764    
 3300        -3.68965    0.0346      -3.65505    267.69   0.0293      1e-05       4.048     4.048     4.048     16.582    0.0         384.52   0.0299     
 3400        -3.68595    0.04608     -3.63987    356.47   0.02819     1e-05       4.048     4.048     4.048     16.582    0.0         452.31   0.02933    
 3500        -3.69337    0.04201     -3.65136    324.98   0.02477     1e-05       4.048     4.048     4.048     16.582    0.0         460.78   0.02749    
 3600        -3.69041    0.04185     -3.64857    323.73   0.02973     1e-05       4.048     4.048     4.048     16.582    0.0         419.75   0.03012    
 3700        -3.68377    0.0371      -3.64666    287.05   0.03409     2e-05       4.048     4.048     4.048     16.582    0.0         369.13   0.03225    
 3800        -3.69171    0.04482     -3.64689    346.72   0.02822     1e-05       4.048     4.048     4.048     16.582    0.0         445.91   0.02934    
 3900        -3.69519    0.03888     -3.6563     300.81   0.02555     1e-05       4.048     4.048     4.048     16.582    0.0         436.49   0.02792    
 4000        -3.69685    0.04412     -3.65273    341.34   0.01972     1e-05       4.048     4.048     4.048     16.582    0.0         529.22   0.02453    
 4100        -3.68871    0.04276     -3.64595    330.8    0.02967     1e-05       4.048     4.048     4.048     16.582    0.0         424.74   0.03009    
 4200        -3.68634    0.03785     -3.64849    292.81   0.03259     1e-05       4.048     4.048     4.048     16.582    0.0         381.28   0.03154    
 4300        -3.69137    0.03746     -3.65391    289.81   0.03364     1e-05       4.048     4.048     4.048     16.582    0.0         373.34   0.03204    
 4400        -3.6894     0.03694     -3.65246    285.81   0.02806     1e-05       4.048     4.048     4.048     16.582    0.0         405.96   0.02926    
 4500        -3.68       0.04111     -3.6389     318.01   0.03931     1e-05       4.048     4.048     4.048     16.582    0.0         361.78   0.03464    
 4600        -3.69468    0.04433     -3.65035    342.93   0.02196     1e-05       4.048     4.048     4.048     16.582    0.0         502.72   0.02588    
 4700        -3.68455    0.03739     -3.64716    289.26   0.03495     1e-05       4.048     4.048     4.048     16.582    0.0         365.96   0.03266    
 4800        -3.68893    0.03849     -3.65044    297.77   0.02871     1e-05       4.048     4.048     4.048     16.582    0.0         409.67   0.0296     
 4900        -3.68962    0.03491     -3.65471    270.05   0.03072     1e-05       4.048     4.048     4.048     16.582    0.0         377.16   0.03062    
 5000        -3.69726    0.03426     -3.66301    265.03   0.0206      1e-05       4.048     4.048     4.048     16.582    0.0         456.24   0.02507    
 5100        -3.694      0.03535     -3.65865    273.49   0.02287     1e-05       4.048     4.048     4.048     16.582    0.0         439.85   0.02642    
 5200        -3.68867    0.03669     -3.65198    283.84   0.02799     1e-05       4.048     4.048     4.048     16.582    0.0         405.07   0.02923    
 5300        -3.69399    0.04045     -3.65354    312.97   0.02463     1e-05       4.048     4.048     4.048     16.582    0.0         453.48   0.02741    
 5400        -3.70161    0.03535     -3.66627    273.46   0.01763     1e-05       4.048     4.048     4.048     16.582    0.0         500.97   0.02319    
 5500        -3.69965    0.04183     -3.65781    323.62   0.02198     1e-05       4.048     4.048     4.048     16.582    0.0         488.06   0.0259     
 5600        -3.69901    0.04215     -3.65686    326.07   0.0222      1e-05       4.048     4.048     4.048     16.582    0.0         487.52   0.02603    
 5700        -3.70316    0.0329      -3.67026    254.52   0.0202      1e-05       4.048     4.048     4.048     16.582    0.0         451.55   0.02483    
 5800        -3.69354    0.03321     -3.66034    256.9    0.02138     1e-05       4.048     4.048     4.048     16.582    0.0         440.93   0.02554    
 5900        -3.68877    0.03918     -3.64959    303.13   0.02638     1e-05       4.048     4.048     4.048     16.582    0.0         431.23   0.02837    
 6000        -3.6904     0.04292     -3.64749    332.01   0.02445     1e-05       4.048     4.048     4.048     16.582    0.0         468.76   0.02731    
 6100        -3.69626    0.05785     -3.63841    447.57   0.02326     1e-05       4.048     4.048     4.048     16.582    0.0         557.98   0.02664    
 6200        -3.69288    0.03529     -3.65759    273.03   0.02658     1e-05       4.048     4.048     4.048     16.582    0.0         407.65   0.02848    
 6300        -3.6907     0.03357     -3.65713    259.72   0.02553     1e-05       4.048     4.048     4.048     16.582    0.0         405.69   0.02791    
 6400        -3.69337    0.03895     -3.65441    301.36   0.02714     1e-05       4.048     4.048     4.048     16.582    0.0         423.86   0.02878    
 6500        -3.69767    0.04173     -3.65594    322.87   0.02062     1e-05       4.048     4.048     4.048     16.582    0.0         503.4    0.02508    
 6600        -3.69627    0.02656     -3.66971    205.5    0.02148     1e-05       4.048     4.048     4.048     16.582    0.0         393.49   0.0256     
 6700        -3.6964     0.03304     -3.66336    255.58   0.01904     0.0         4.048     4.048     4.048     16.582    0.0         466.04   0.0241     
 6800        -3.69665    0.049       -3.64765    379.06   0.02007     0.0         4.048     4.048     4.048     16.582    0.0         552.85   0.02475    
 6900        -3.69282    0.04404     -3.64878    340.69   0.02636     1e-05       4.048     4.048     4.048     16.582    0.0         457.27   0.02836    
 7000        -3.69962    0.03911     -3.66051    302.56   0.02273     1e-05       4.048     4.048     4.048     16.582    0.0         464.13   0.02633    
 7100        -3.68405    0.03213     -3.65192    248.53   0.0302      1e-05       4.048     4.048     4.048     16.582    0.0         364.88   0.03036    
 7200        -3.68902    0.03709     -3.65193    286.95   0.03122     1e-05       4.048     4.048     4.048     16.582    0.0         385.67   0.03086    
 7300        -3.68387    0.03038     -3.65349    235.04   0.02875     1e-05       4.048     4.048     4.048     16.582    0.0         363.73   0.02962    
 7400        -3.69244    0.03732     -3.65512    288.72   0.02634     1e-05       4.048     4.048     4.048     16.582    0.0         421.16   0.02835    
 7500        -3.70149    0.04072     -3.66077    314.99   0.01844     0.0         4.048     4.048     4.048     16.582    0.0         525.75   0.02372    
 7600        -3.69998    0.03582     -3.66416    277.14   0.01919     0.0         4.048     4.048     4.048     16.582    0.0         483.4    0.0242     
 7700        -3.69228    0.03825     -3.65403    295.9    0.0304      1e-05       4.048     4.048     4.048     16.582    0.0         396.86   0.03046    
 7800        -3.69252    0.03251     -3.66001    251.51   0.0252      1e-05       4.048     4.048     4.048     16.582    0.0         401.84   0.02773    
 7900        -3.69176    0.03782     -3.65393    292.59   0.02486     1e-05       4.048     4.048     4.048     16.582    0.0         436.43   0.02754    
 8000        -3.69235    0.03979     -3.65256    307.83   0.02558     1e-05       4.048     4.048     4.048     16.582    0.0         441.28   0.02794    
 8100        -3.69366    0.05118     -3.64248    395.95   0.01963     0.0         4.048     4.048     4.048     16.582    0.0         571.35   0.02447    
 8200        -3.69172    0.04844     -3.64328    374.77   0.02501     1e-05       4.048     4.048     4.048     16.582    0.0         492.44   0.02762    
 8300        -3.69092    0.04721     -3.64371    365.25   0.0284      1e-05       4.048     4.048     4.048     16.582    0.0         456.2    0.02944    
 8400        -3.68631    0.04548     -3.64082    351.88   0.02806     1e-05       4.048     4.048     4.048     16.582    0.0         450.45   0.02926    
 8500        -3.69523    0.04272     -3.65251    330.51   0.02491     0.0         4.048     4.048     4.048     16.582    0.0         463.33   0.02757    
 8600        -3.69358    0.03431     -3.65927    265.44   0.02225     0.0         4.048     4.048     4.048     16.582    0.0         439.38   0.02606    
 8700        -3.68928    0.0338      -3.65548    261.51   0.02777     1e-05       4.048     4.048     4.048     16.582    0.0         390.33   0.02911    
 8800        -3.69409    0.03508     -3.65901    271.39   0.02701     1e-05       4.048     4.048     4.048     16.582    0.0         403.18   0.02871    
 8900        -3.69827    0.04091     -3.65736    316.48   0.0206      0.0         4.048     4.048     4.048     16.582    0.0         498.63   0.02507    
 9000        -3.70042    0.03493     -3.66549    270.24   0.01892     0.0         4.048     4.048     4.048     16.582    0.0         480.77   0.02403    
 9100        -3.70022    0.03558     -3.66464    275.25   0.02178     0.0         4.048     4.048     4.048     16.582    0.0         452.18   0.02578    
 9200        -3.69018    0.04393     -3.64625    339.86   0.03039     1e-05       4.048     4.048     4.048     16.582    0.0         425.39   0.03045    
 9300        -3.68675    0.03073     -3.65602    237.72   0.0284      1e-05       4.048     4.048     4.048     16.582    0.0         368.02   0.02944    
 9400        -3.68691    0.02443     -3.66248    189.01   0.0275      0.0         4.048     4.048     4.048     16.582    0.0         333.5    0.02897    
 9500        -3.69631    0.03254     -3.66377    251.75   0.02476     0.0         4.048     4.048     4.048     16.582    0.0         405.58   0.02749    
 9600        -3.69731    0.03435     -3.66297    265.71   0.02178     0.0         4.048     4.048     4.048     16.582    0.0         444.33   0.02578    
 9700        -3.7007     0.03546     -3.66524    274.32   0.01847     0.0         4.048     4.048     4.048     16.582    0.0         490.25   0.02374    
 9800        -3.69801    0.0456      -3.6524     352.79   0.02078     0.0         4.048     4.048     4.048     16.582    0.0         524.09   0.02518    
 9900        -3.6826     0.03462     -3.64798    267.83   0.03947     1e-05       4.048     4.048     4.048     16.582    0.0         331.35   0.03471    
 10000       -3.69571    0.03944     -3.65627    305.15   0.02262     0.0         4.048     4.048     4.048     16.582    0.0         467.19   0.02627    
 10100       -3.68973    0.02968     -3.66005    229.63   0.02485     0.0         4.048     4.048     4.048     16.582    0.0         386.69   0.02754    

Time averages:
             Epot        Ekin        Etot        Temp     MSD         Self_diff   Pressure    Spec_heat   DebyeT   Lindemann  
             eV/atom     eV/atom     eV/atom     K        Å^2         mm^2/s      GPa         J/(K*Kg)    K        1          
             -3.69341    0.03812     -3.65528    294.95   0.02517     2e-05       0.0         488.57908   439.85   0.0276     