Material ID: Al_MTP_10_1_eq_0_offset_2000_ranfor_10000
Unit cell composition: Al32
Material:  Al
Site positions of initial unit cell:
 Al          Al          Al          Al         
 0.00000     0.00000     2.02395     2.02395    
 0.00000     2.02395     0.00000     2.02395    
 0.00000     2.02395     2.02395     0.00000    
Properties:
 Time        Epot        Ekin        Etot        Temp     MSD         Self_diff   LC_a      LC_b      LC_c      Volume      Pressure    DebyeT   Lindemann 
 fs          eV/atom     eV/atom     eV/atom     K        Å^2         mm^2/s      Å         Å         Å         Å^3/atom    GPa        K        1          
 100         -0.73293    823187980063492.0 823187980063491.2 6.368468716335826e+18 99177368299563.23 1652956138326.0537 4.048     4.048     4.048     16.582    0.0         1019.32  1739648.54059
 200         -0.73293    676363528303670.4 676363528303669.6 5.232583656700404e+18 360462692709299.25 3003855772577.4946 4.048     4.048     4.048     16.582    0.0         484.65   3316541.13641
 300         -0.73293    555726800977636.4 555726800977635.6 4.2992959476673756e+18 738121005074057.2 4100672250411.4297 4.048     4.048     4.048     16.582    0.0         307.0    4745904.65819
 400         -0.73293    456606934288558.44 456606934288557.56 3.5324701612557665e+18 1196148406210067.2 4983951692541.947 4.048     4.048     4.048     16.582    0.0         218.6    6041541.45842
 500         -0.73293    375166164168699.75 375166164168699.0 2.9024160189411354e+18 1706389190135711.2 5687963967119.038 4.048     4.048     4.048     16.582    0.0         165.9    7215962.58484
 600         -0.73293    308251233846935.56 308251233846934.8 2.384738828881729e+18 2247002574930486.2 6241673819251.35 4.048     4.048     4.048     16.582    0.0         131.04   8280508.59196
 700         -0.73293    253271302544198.12 253271302544197.38 1.9593949450937638e+18 2801215394031460.5 6669560461979.669 4.048     4.048     4.048     16.582    0.0         106.39   9245459.04782
 800         -0.73293    208097635005017.53 208097635005016.8 1.6099157307553352e+18 3356308576307505.5 6992309533973.97 4.048     4.048     4.048     16.582    0.0         88.1     10120131.79607
 900         -0.73293    170981177981498.97 170981177981498.25 1.3227699011997706e+18 3902794658742472.0 7227397516189.764 4.048     4.048     4.048     16.582    0.0         74.05    10912972.93358
 1000        -0.73293    140484840882124.06 140484840882123.33 1.0868396234456895e+18 4433751295462302.5 7389585492437.173 4.048     4.048     4.048     16.582    0.0         62.98    11631638.36606
 1100        -0.73293    115427854860964.47 115427854860963.73 8.929900587458853e+17 4944282074006839.0 7491336475767.938 4.048     4.048     4.048     16.582    0.0         54.06    12283067.73721
 1200        -0.73293    94840052468599.67 94840052468598.92 7.337156540543026e+17 5431081141258552.0 7543168251747.988 4.048     4.048     4.048     16.582    0.0         46.75    12873551.44062
 1300        -0.73293    77924306458450.28 77924306458449.55 6.028495555590234e+17 5892082407069231.0 7553951803934.912 4.048     4.048     4.048     16.582    0.0         40.69    13408791.35992
 1400        -0.73293    64025666411680.99 64025666411680.26 4.953248388708186e+17 6326177595628293.0 7531163804319.397 4.048     4.048     4.048     16.582    0.0         35.59    13893955.92862
 1500        -0.73293    52605998464312.81 52605998464312.08 4.069783131256931e+17 6732990275172237.0 7481100305746.93 4.048     4.048     4.048     16.582    0.0         31.27    14333730.03772
 1600        -0.73293    43223151372581.36 43223151372580.625 3.343893424154484e+17 7112695350400604.0 7409057656667.296 4.048     4.048     4.048     16.582    0.0         27.58    14732360.27452
 1700        -0.73293    35513836387711.72 35513836387710.984 2.7474739854044848e+17 7465875426276616.0 7319485712035.898 4.048     4.048     4.048     16.582    0.0         24.4     15093695.92941
 1800        -0.73293    29179560713323.145 29179560713322.41 2.2574323734037933e+17 7793407028546666.0 7216117619024.691 4.048     4.048     4.048     16.582    0.0         21.65    15421226.16561
 1900        -0.73293    23975071445236.22 23975071445235.49 1.8547949699062262e+17 8096370958633233.0 7102079788274.766 4.048     4.048     4.048     16.582    0.0         19.25    15718113.7105
 2000        -0.73293    19698858931809.25 19698858931808.516 1.5239722869260528e+17 8375982122270301.0 6979985101891.915 4.048     4.048     4.048     16.582    0.0         17.16    15987225.39733
 2100        -0.73293    16185355021360.543 16185355021359.81 1.2521553960053378e+17 8633535028251393.0 6852011927183.645 4.048     4.048     4.048     16.582    0.0         15.32    16231159.84725
 2200        -0.73293    13298522496400.947 13298522496400.215 1.028819984534826e+17 8870361870606921.0 6719971114096.152 4.048     4.048     4.048     16.582    0.0         13.7     16452272.56309
 2300        -0.73293    10926587659791.277 10926587659790.545 8.453188502863554e+16 9087800679549622.0 6585362811267.841 4.048     4.048     4.048     16.582    0.0         12.27    16652698.67414
 2400        -0.73293    8977712918931.82 8977712918931.088 6.945471174646096e+16 9287171504336888.0 6449424655789.505 4.048     4.048     4.048     16.582    0.0         11.0     16834373.55365
 2500        -0.73293    7376441078007.568 7376441078006.835 5.706671547799135e+16 9469758974954548.0 6313172649969.698 4.048     4.048     4.048     16.582    0.0         9.87     16999051.50728
 2600        -0.73293    6060773228346.705 6060773228345.972 4.6888251087624776e+16 9636799906200060.0 6177435837307.7295 4.048     4.048     4.048     16.582    0.0         8.87     17148322.71364
 2700        -0.73293    4979769009688.209 4979769009687.476 3.852522621908541e+16 9789474862177684.0 6042885717393.632 4.048     4.048     4.048     16.582    0.0         7.98     17283628.57873
 2800        -0.73293    4091573470902.228 4091573470901.4946 3.1653836403224284e+16 9928902814078490.0 5910061198856.244 4.048     4.048     4.048     16.582    0.0         7.18     17406275.65542
 2900        -0.73293    3361797213451.985 3361797213451.251 2.600803328406546e+16 1.0056138188561402e+16 5779389763541.035 4.048     4.048     4.048     16.582    0.0         6.47     17517448.25992
 3000        -0.73293    2762184454740.5093 2762184454739.7764 2.136922029328865e+16 1.017216974649873e+16 5651205414721.516 4.048     4.048     4.048     16.582    0.0         5.83     17618219.90788
 3100        -0.73293    2269519093213.3096 2269519093212.5767 1.7557789589130096e+16 1.0277920843329664e+16 5525763894263.261 4.048     4.048     4.048     16.582    0.0         5.26     17709563.68024
 3200        -0.73293    1864725862649.9348 1864725862649.2017 1.4426168273147646e+16 1.0374250713047636e+16 5403255579712.311 4.048     4.048     4.048     16.582    0.0         4.74     17792361.61825
 3300        -0.73293    1532131914858.0415 1532131914857.3086 1.1853105736943056e+16 1.046195649883197e+16 5283816413551.5 4.048     4.048     4.048     16.582    0.0         4.28     17867413.24346
 3400        -0.73293    1258859699432.8672 1258859699432.1343 9738976768678994.0 1.0541775798049022e+16 5167537155906.383 4.048     4.048     4.048     16.582    0.0         3.87     17935443.27724
 3500        -0.73293    1034328500070.2139 1034328500069.481 8001925264510856.0 1.061438954974058e+16 5054471214162.181 4.048     4.048     4.048     16.582    0.0         3.49     17997108.63681
 3600        -0.73293    849844844456.4917 849844844455.7587 6574695496942281.0 1.0680425134731012e+16 4944641266079.172 4.048     4.048     4.048     16.582    0.0         3.16     18053004.78071
 3700        -0.73293    698265848821.0183 698265848820.2854 5402027631112095.0 1.0740459576189444e+16 4838044854139.389 4.048     4.048     4.048     16.582    0.0         2.85     18103671.45846
 3800        -0.73293    573722626214.905 573722626214.1721 4438517914974712.5 1.0795022763491228e+16 4734659106794.398 4.048     4.048     4.048     16.582    0.0         2.58     18149597.9223
 3900        -0.73293    471393022926.4055 471393022925.67267 3646860489112394.0 1.084460064135107e+16 4634444718526.098 4.048     4.048     4.048     16.582    0.0         2.33     18191227.65268
 4000        -0.73293    387314990841.3848 387314990840.65186 2996403570361910.0 1.0889638313185002e+16 4537349297160.418 4.048     4.048     4.048     16.582    0.0         2.11     18228962.63716
 4100        -0.73293    318233195121.0383 318233195120.3054 2461962755422658.5 1.0930543042224054e+16 4443310179765.876 4.048     4.048     4.048     16.582    0.0         1.91     18263167.25656
 4200        -0.73293    261472872126.7239 261472872125.991 2022845141860653.0 1.096768710990346e+16 4352256789644.2305 4.048     4.048     4.048     16.582    0.0         1.73     18294171.79993
 4300        -0.73293    214836357443.75208 214836357443.01913 1662048832888145.0 1.1001410534382516e+16 4264112610225.7812 4.048     4.048     4.048     16.582    0.0         1.56     18322275.65626
 4400        -0.73293    176517984916.70514 176517984915.9722 1365604566682291.5 1.1032023630759604e+16 4178796829833.1836 4.048     4.048     4.048     16.582    0.0         1.42     18347750.20483
 4500        -0.73293    145034098742.0141 145034098741.28116 1122034265574720.5 1.1059809414270764e+16 4096225708989.172 4.048     4.048     4.048     16.582    0.0         1.28     18370841.43586
 4600        -0.73293    119165698934.88477 119165698934.15184 921907321421983.5 1.1085025843468176e+16 4016313711401.513 4.048     4.048     4.048     16.582    0.0         1.16     18391772.32419
 4700        -0.73293    97911206461.23172 97911206460.4988 757475170226560.8 1.1107907913274946e+16 3938974437331.541 4.048     4.048     4.048     16.582    0.0         1.05     18410744.98466
 4800        -0.73293    80447691883.49843 80447691882.7655 622371343446933.8 1.1128669593795866e+16 3864121386734.676 4.048     4.048     4.048     16.582    0.0         0.95     18427942.62286
 4900        -0.73293    66098976412.34287 66098976411.60994 511364686631305.8 1.1147505626872636e+16 3791668580568.9233 4.048     4.048     4.048     16.582    0.0         0.86     18443531.30493
 5000        -0.73293    54309512907.86613 54309512907.13319 420157293752643.8 1.1164593181785214e+16 3721531060595.0713 4.048     4.048     4.048     16.582    0.0         0.78     18457661.55904
 5100        -0.73293    44622832132.397 44622832131.66407 345217759918648.0 1.1180093387120826e+16 3653625289908.7666 4.048     4.048     4.048     16.582    0.0         0.71     18470469.83197
 5200        -0.73293    36663868691.28764 36663868690.55471 283644448698462.25 1.1194152733198986e+16 3587869465768.906 4.048     4.048     4.048     16.582    0.0         0.64     18482079.80382
 5300        -0.73293    30124475104.93675 30124475104.20382 233053423942159.7 1.1206904364374518e+16 3524183762381.924 4.048     4.048     4.048     16.582    0.0         0.58     18492603.58315
 5400        -0.73293    24751451143.82294 24751451143.09 191485840550287.38 1.1218469266336756e+16 3462490514301.4673 4.048     4.048     4.048     16.582    0.0         0.53     18502142.79196
 5500        -0.73293    20336758194.6593 20336758193.92636 157332239404643.2 1.1228957345376784e+16 3402714347083.874 4.048     4.048     4.048     16.582    0.0         0.48     18510789.54216
 5600        -0.73293    16709480950.21002 16709480949.47709 129270360203041.72 1.1238468426815952e+16 3344782269885.7007 4.048     4.048     4.048     16.582    0.0         0.43     18518627.3296
 5700        -0.73293    13729170127.48913 13729170126.7562 106213638410297.44 1.1247093161978756e+16 3288623731572.7354 4.048     4.048     4.048     16.582    0.0         0.39     18525731.83971
 5800        -0.73293    11280426007.91394 11280426007.18101 87269301639705.73 1.1254913852986324e+16 3234170647409.8633 4.048     4.048     4.048     16.582    0.0         0.35     18532171.67464
 5900        -0.73293    9268438050.79739 9268438050.06446 71703862550625.66 1.1262005214093624e+16 3181357405111.1934 4.048     4.048     4.048     16.582    0.0         0.32     18538009.01951
 6000        -0.73293    7615314004.55808 7615314003.82515 58914719575183.32 1.1268435058957864e+16 3130120849710.5176 4.048     4.048     4.048     16.582    0.0         0.29     18543300.24036
 6100        -0.73293    6257041110.58293 6257041109.85 48406647733730.42 1.1274264934054894e+16 3080400255206.2554 4.048     4.048     4.048     16.582    0.0         0.26     18548096.43189
 6200        -0.73293    5141033346.84423 5141033346.1113 39772823257807.38 1.127955068773955e+16 3032137281650.4175 4.048     4.048     4.048     16.582    0.0         0.24     18552443.90736
 6300        -0.73293    4224073747.57888 4224073746.84595 32678904659026.58 1.1284342994317706e+16 2985275924422.6733 4.048     4.048     4.048     16.582    0.0         0.22     18556384.64755
 6400        -0.73293    3470664575.86987 3470664575.13694 26850269089956.14 1.1288687827014732e+16 2939762454951.753 4.048     4.048     4.048     16.582    0.0         0.2      18559956.70431
 6500        -0.73293    2851633518.72243 2851633517.9895 22061229384128.9 1.1292626893365078e+16 2895545357273.097 4.048     4.048     4.048     16.582    0.0         0.18     18563194.57064
 6600        -0.73293    2343013339.53187 2343013338.79894 18126366657607.62 1.1296198026143822e+16 2852575259127.2275 4.048     4.048     4.048     16.582    0.0         0.16     18566129.51187
 6700        -0.73293    1925112587.75062 1925112587.01769 14893340995538.48 1.1299435543112178e+16 2810804861470.691 4.048     4.048     4.048     16.582    0.0         0.15     18568789.8695
 6800        -0.73293    1581748670.83294 1581748670.1 12236958229793.85 1.130237057011268e+16 2770188865223.6963 4.048     4.048     4.048     16.582    0.0         0.13     18571201.33336
 6900        -0.73293    1299628239.55893 1299628238.82599 10054376384187.78 1.1305031335379918e+16 2730683897434.7627 4.048     4.048     4.048     16.582    0.0         0.12     18573387.18894
 7000        -0.73293    1067824758.50329 1067824757.77035 8261063977795.84 1.1307443439036414e+16 2692248437865.813 4.048     4.048     4.048     16.582    0.0         0.11     18575368.54328
 7100        -0.73293    877366137.86031 877366137.12738 6787609801232.54 1.1309630095088354e+16 2654842745325.905 4.048     4.048     4.048     16.582    0.0         0.1      18577164.52744
 7200        -0.73293    720878253.98281 720878253.24988 5576965067471.27 1.1311612356823256e+16 2618428786301.6797 4.048     4.048     4.048     16.582    0.0         0.09     18578792.4847
 7300        -0.73293    592301185.66587 592301184.93294 4582248116974.18 1.131340931405481e+16 2582970163026.2124 4.048     4.048     4.048     16.582    0.0         0.08     18580268.13506
 7400        -0.73293    486658157.48829 486658156.75536 3764956882964.63 1.1315038276789248e+16 2548432044321.903 4.048     4.048     4.048     16.582    0.0         0.07     18581605.72809
 7500        -0.73293    399857020.65732 399857019.92439 3093433078149.42 1.1316514940007296e+16 2514781097779.399 4.048     4.048     4.048     16.582    0.0         0.07     18582818.17996
 7600        -0.73293    328538041.30033 328538040.5674 2541684631967.08 1.13178535339303e+16 2481985424107.522 4.048     4.048     4.048     16.582    0.0         0.06     18583917.19817
 7700        -0.73293    269940009.52938 269940008.79645 2088349863712.37 1.131906696186719e+16 2450014493910.6475 4.048     4.048     4.048     16.582    0.0         0.05     18584913.3959
 7800        -0.73293    221793305.45849 221793304.72556 1715870204028.22 1.1320166921779928e+16 2418839085850.412 4.048     4.048     4.048     16.582    0.0         0.05     18585816.39272
 7900        -0.73293    182233993.48021 182233992.74728 1409825598330.7 1.1321164019080218e+16 2388431227654.0547 4.048     4.048     4.048     16.582    0.0         0.04     18586634.90801
 8000        -0.73293    149730701.9996 149730701.26666 1158368822982.42 1.1322067869231754e+16 2358764139423.282 4.048     4.048     4.048     16.582    0.0         0.04     18587376.84574

Time averages:
             Epot        Ekin        Etot        Temp     MSD         Self_diff   Pressure    Spec_heat   DebyeT   Lindemann  
             eV/atom     eV/atom     eV/atom     K        Å^2         mm^2/s      GPa         J/(K*Kg)    K        1          
             -0.73293    57691203742645.89 57691203742645.14 4.463192310150822e+17 9239825177365436.0 4643211177175.542 0.0         -26.84065   39.12    16343473.48218