Material ID: Si_MTP_10_10000_eq_0_ranfor_10000
Unit cell composition: Si8
Material:  Si
Site positions of initial unit cell:
 Si         
 0.00000    
 0.00000    
 0.00000    
Properties:
 Time        Epot        Ekin        Etot        Temp     MSD         Self_diff   LC_a      LC_b      LC_c      Volume      Pressure    DebyeT   Lindemann 
 fs          eV/atom     eV/atom     eV/atom     K        Å^2         mm^2/s      Å         Å         Å         Å^3/atom    GPa        K        1          
 100         -4.63238    0.0398      -4.59257    307.94   0.0         0.0         3.84      3.84      3.84      40.048    0.0         inf      0.0        
 200         -4.61747    0.03604     -4.58143    278.8    0.02394     0.0002      3.84      3.84      3.84      40.048    0.0         425.43   0.02015    
 300         -4.62196    0.04554     -4.57641    352.34   0.02413     0.00013     3.84      3.84      3.84      40.048    0.0         476.44   0.02022    
 400         -4.61021    0.02631     -4.5839     203.52   0.06126     0.00026     3.84      3.84      3.84      40.048    0.0         227.25   0.03223    
 500         -4.60358    0.01713     -4.58645    132.51   0.09046     0.0003      3.84      3.84      3.84      40.048    0.0         150.9    0.03916    
 600         -4.5799     0.03648     -4.54342    282.22   0.12623     0.00035     3.84      3.84      3.84      40.048    0.0         186.43   0.04626    
 700         -4.58499    0.01494     -4.57005    115.59   0.18584     0.00044     3.84      3.84      3.84      40.048    0.0         98.33    0.05613    
 800         -4.60877    0.01958     -4.58919    151.5    0.25534     0.00053     3.84      3.84      3.84      40.048    0.0         96.04    0.06579    
 900         -4.72745    0.02648     -4.70098    204.83   0.44895     0.00083     3.84      3.84      3.84      40.048    0.0         84.22    0.08724    
 1000        -4.77373    0.04335     -4.73038    335.38   0.55622     0.00093     3.84      3.84      3.84      40.048    0.0         96.81    0.0971     
 1100        -4.8333     0.02211     -4.81119    171.08   0.71368     0.00108     3.84      3.84      3.84      40.048    0.0         61.04    0.10999    
 1200        -4.83129    0.02116     -4.81013    163.74   0.71575     0.00099     3.84      3.84      3.84      40.048    0.0         59.63    0.11015    
 1300        -4.84913    0.02596     -4.82317    200.87   0.77763     0.001       3.84      3.84      3.84      40.048    0.0         63.37    0.11481    
 1400        -4.83902    0.05742     -4.7816     444.24   0.80976     0.00096     3.84      3.84      3.84      40.048    0.0         92.35    0.11716    
 1500        -4.82475    0.0302      -4.79454    233.66   0.91986     0.00102     3.84      3.84      3.84      40.048    0.0         62.84    0.12487    
 1600        -4.83553    0.04183     -4.7937     323.61   0.97854     0.00102     3.84      3.84      3.84      40.048    0.0         71.7     0.12879    
 1700        -4.84006    0.03802     -4.80204    294.13   0.91286     0.00089     3.84      3.84      3.84      40.048    0.0         70.77    0.1244     
 1800        -4.83591    0.03201     -4.80391    247.61   0.982       0.00091     3.84      3.84      3.84      40.048    0.0         62.61    0.12902    
 1900        -4.83828    0.03769     -4.80059    291.61   0.99666     0.00087     3.84      3.84      3.84      40.048    0.0         67.44    0.12998    
 2000        -4.83618    0.02354     -4.81264    182.11   0.99313     0.00083     3.84      3.84      3.84      40.048    0.0         53.39    0.12975    
 2100        -4.84751    0.06824     -4.77927    527.92   0.92878     0.00074     3.84      3.84      3.84      40.048    0.0         94.0     0.12548    
 2200        -4.83646    0.02392     -4.81254    185.07   0.98376     0.00075     3.84      3.84      3.84      40.048    0.0         54.08    0.12914    
 2300        -4.80707    0.03244     -4.77463    250.94   1.024       0.00074     3.84      3.84      3.84      40.048    0.0         61.72    0.13175    
 2400        -4.80647    0.0208      -4.78567    160.95   1.12819     0.00078     3.84      3.84      3.84      40.048    0.0         47.09    0.13829    
 2500        -4.81996    0.02864     -4.79132    221.56   1.06444     0.00071     3.84      3.84      3.84      40.048    0.0         56.88    0.13433    
 2600        -4.82715    0.04173     -4.78542    322.85   1.16582     0.00075     3.84      3.84      3.84      40.048    0.0         65.61    0.14058    
 2700        -4.83874    0.03706     -4.80168    286.74   0.97569     0.0006      3.84      3.84      3.84      40.048    0.0         67.59    0.12861    
 2800        -4.82955    0.02761     -4.80195    213.57   1.09445     0.00065     3.84      3.84      3.84      40.048    0.0         55.08    0.13621    
 2900        -4.84997    0.04591     -4.80406    355.17   1.06395     0.00061     3.84      3.84      3.84      40.048    0.0         72.04    0.1343     
 3000        -4.82927    0.04313     -4.78615    333.66   1.00123     0.00056     3.84      3.84      3.84      40.048    0.0         71.97    0.13028    
 3100        -4.8256     0.03731     -4.78829    288.62   1.04703     0.00056     3.84      3.84      3.84      40.048    0.0         65.46    0.13322    
 3200        -4.8502     0.0309      -4.81931    239.03   0.96044     0.0005      3.84      3.84      3.84      40.048    0.0         62.2     0.1276     
 3300        -4.83882    0.05469     -4.78413    423.12   1.07669     0.00054     3.84      3.84      3.84      40.048    0.0         78.16    0.1351     
 3400        -4.84029    0.03849     -4.8018     297.77   0.94482     0.00046     3.84      3.84      3.84      40.048    0.0         69.99    0.12656    
 3500        -4.84527    0.04222     -4.80305    326.63   1.00272     0.00048     3.84      3.84      3.84      40.048    0.0         71.16    0.13038    
 3600        -4.84483    0.01674     -4.82809    129.47   0.99462     0.00046     3.84      3.84      3.84      40.048    0.0         44.98    0.12985    
 3700        -4.83958    0.02378     -4.8158     183.99   0.93912     0.00042     3.84      3.84      3.84      40.048    0.0         55.19    0.12617    
 3800        -4.84326    0.03765     -4.80561    291.27   1.00121     0.00044     3.84      3.84      3.84      40.048    0.0         67.25    0.13028    
 3900        -4.85148    0.02163     -4.82985    167.34   1.03039     0.00044     3.84      3.84      3.84      40.048    0.0         50.24    0.13216    
 4000        -4.86195    0.02443     -4.83752    188.99   1.02973     0.00043     3.84      3.84      3.84      40.048    0.0         53.41    0.13212    
 4100        -4.8766     0.03066     -4.84594    237.17   0.97323     0.0004      3.84      3.84      3.84      40.048    0.0         61.55    0.12844    
 4200        -4.86555    0.02516     -4.84039    194.65   1.01899     0.0004      3.84      3.84      3.84      40.048    0.0         54.49    0.13143    
 4300        -4.86755    0.01575     -4.8518     121.83   1.06808     0.00041     3.84      3.84      3.84      40.048    0.0         42.11    0.13456    
 4400        -4.86593    0.04175     -4.82418    322.97   1.05689     0.0004      3.84      3.84      3.84      40.048    0.0         68.92    0.13385    
 4500        -4.85861    0.05018     -4.80843    388.24   0.96536     0.00036     3.84      3.84      3.84      40.048    0.0         79.07    0.12792    
 4600        -4.85774    0.04529     -4.81244    350.42   1.09233     0.0004      3.84      3.84      3.84      40.048    0.0         70.62    0.13608    
 4700        -4.84651    0.05745     -4.78905    444.49   1.07567     0.00038     3.84      3.84      3.84      40.048    0.0         80.15    0.13503    
 4800        -4.84683    0.01826     -4.82857    141.29   1.03083     0.00036     3.84      3.84      3.84      40.048    0.0         46.16    0.13219    
 4900        -4.846      0.03084     -4.81516    238.59   0.99448     0.00034     3.84      3.84      3.84      40.048    0.0         61.07    0.12984    
 5000        -4.85104    0.03484     -4.8162     269.55   0.98131     0.00033     3.84      3.84      3.84      40.048    0.0         65.34    0.12898    
 5100        -4.85653    0.02015     -4.83639    155.87   1.0079      0.00033     3.84      3.84      3.84      40.048    0.0         49.03    0.13071    
 5200        -4.85602    0.04363     -4.81239    337.57   0.96343     0.00031     3.84      3.84      3.84      40.048    0.0         73.8     0.1278     
 5300        -4.86622    0.03156     -4.83466    244.15   1.07395     0.00034     3.84      3.84      3.84      40.048    0.0         59.45    0.13493    
 5400        -4.86653    0.02858     -4.83795    221.1    1.14755     0.00035     3.84      3.84      3.84      40.048    0.0         54.73    0.13947    
 5500        -4.84812    0.031       -4.81711    239.86   1.17782     0.00036     3.84      3.84      3.84      40.048    0.0         56.26    0.1413     
 5600        -4.86046    0.03583     -4.82464    277.19   1.32155     0.00039     3.84      3.84      3.84      40.048    0.0         57.1     0.14967    
 5700        -4.85823    0.03659     -4.82164    283.06   1.34165     0.00039     3.84      3.84      3.84      40.048    0.0         57.27    0.15081    
 5800        -4.85003    0.03445     -4.81558    266.5    1.09807     0.00032     3.84      3.84      3.84      40.048    0.0         61.42    0.13643    
 5900        -4.84861    0.02914     -4.81947    225.41   1.1566      0.00033     3.84      3.84      3.84      40.048    0.0         55.04    0.14002    
 6000        -4.8578     0.03246     -4.82533    251.15   1.20249     0.00033     3.84      3.84      3.84      40.048    0.0         56.98    0.14277    
 6100        -4.87201    0.02752     -4.84448    212.94   1.22511     0.00033     3.84      3.84      3.84      40.048    0.0         51.98    0.14411    
 6200        -4.86994    0.03088     -4.83906    238.91   1.31893     0.00035     3.84      3.84      3.84      40.048    0.0         53.06    0.14953    
 6300        -4.88007    0.03004     -4.85003    232.4    1.47018     0.00039     3.84      3.84      3.84      40.048    0.0         49.57    0.15787    
 6400        -4.86224    0.02403     -4.8382     185.92   1.38541     0.00036     3.84      3.84      3.84      40.048    0.0         45.67    0.15325    
 6500        -4.85903    0.0303      -4.82874    234.39   1.46859     0.00038     3.84      3.84      3.84      40.048    0.0         49.81    0.15778    
 6600        -4.86182    0.02492     -4.8369     192.81   1.28402     0.00032     3.84      3.84      3.84      40.048    0.0         48.31    0.14753    
 6700        -4.8628     0.02593     -4.83687    200.62   1.18139     0.00029     3.84      3.84      3.84      40.048    0.0         51.38    0.14151    
 6800        -4.85222    0.05648     -4.79574    436.97   1.15203     0.00028     3.84      3.84      3.84      40.048    0.0         76.79    0.13975    
 6900        -4.85839    0.04852     -4.80987    375.39   1.09099     0.00026     3.84      3.84      3.84      40.048    0.0         73.14    0.13599    
 7000        -4.86262    0.01843     -4.8442     142.55   1.06786     0.00025     3.84      3.84      3.84      40.048    0.0         45.55    0.13454    
 7100        -4.82894    0.02576     -4.80317    199.32   1.05574     0.00025     3.84      3.84      3.84      40.048    0.0         54.17    0.13378    
 7200        -4.86068    0.04292     -4.81777    332.02   1.16367     0.00027     3.84      3.84      3.84      40.048    0.0         66.6     0.14045    
 7300        -4.85122    0.03737     -4.81385    289.12   1.27302     0.00029     3.84      3.84      3.84      40.048    0.0         59.42    0.1469     
 7400        -4.86896    0.03819     -4.83077    295.41   1.32819     0.0003      3.84      3.84      3.84      40.048    0.0         58.8     0.15005    
 7500        -4.86602    0.02806     -4.83796    217.07   1.35206     0.0003      3.84      3.84      3.84      40.048    0.0         49.96    0.15139    
 7600        -4.86264    0.02915     -4.83349    225.5    1.26618     0.00028     3.84      3.84      3.84      40.048    0.0         52.62    0.1465     
 7700        -4.87066    0.01518     -4.85548    117.45   1.28981     0.00028     3.84      3.84      3.84      40.048    0.0         37.62    0.14787    
 7800        -4.86631    0.02786     -4.83845    215.57   1.26143     0.00027     3.84      3.84      3.84      40.048    0.0         51.54    0.14623    
 7900        -4.87288    0.03284     -4.84004    254.04   1.19232     0.00025     3.84      3.84      3.84      40.048    0.0         57.55    0.14217    
 8000        -4.85179    0.02095     -4.83084    162.06   1.14071     0.00024     3.84      3.84      3.84      40.048    0.0         46.99    0.13906    
 8100        -4.86786    0.02597     -4.84189    200.9    1.11798     0.00023     3.84      3.84      3.84      40.048    0.0         52.85    0.13766    
 8200        -4.85292    0.02693     -4.82598    208.38   1.18306     0.00024     3.84      3.84      3.84      40.048    0.0         52.33    0.14161    
 8300        -4.8653     0.03876     -4.82654    299.85   1.24426     0.00025     3.84      3.84      3.84      40.048    0.0         61.2     0.14523    
 8400        -4.86211    0.06423     -4.79788    496.92   1.1453      0.00023     3.84      3.84      3.84      40.048    0.0         82.13    0.13934    
 8500        -4.86844    0.02303     -4.84542    178.15   1.20728     0.00024     3.84      3.84      3.84      40.048    0.0         47.89    0.14306    
 8600        -4.87298    0.03268     -4.8403     252.8    1.22981     0.00024     3.84      3.84      3.84      40.048    0.0         56.53    0.14439    
 8700        -4.86326    0.04004     -4.82321    309.8    1.28282     0.00025     3.84      3.84      3.84      40.048    0.0         61.27    0.14746    
 8800        -4.85958    0.0436      -4.81599    337.28   1.37481     0.00026     3.84      3.84      3.84      40.048    0.0         61.75    0.15266    
 8900        -4.86212    0.07328     -4.78885    566.9    1.32219     0.00025     3.84      3.84      3.84      40.048    0.0         81.64    0.14971    
 9000        -4.86057    0.02211     -4.83846    171.04   1.38891     0.00026     3.84      3.84      3.84      40.048    0.0         43.75    0.15344    
 9100        -4.8507     0.01548     -4.83522    119.74   1.42871     0.00026     3.84      3.84      3.84      40.048    0.0         36.09    0.15562    
 9200        -4.85947    0.08184     -4.77763    633.16   1.3312      0.00024     3.84      3.84      3.84      40.048    0.0         85.99    0.15022    
 9300        -4.87708    0.03926     -4.83782    303.72   1.23864     0.00022     3.84      3.84      3.84      40.048    0.0         61.74    0.1449     
 9400        -4.84312    0.03639     -4.80673    281.5    1.20943     0.00021     3.84      3.84      3.84      40.048    0.0         60.15    0.14318    
 9500        -4.8632     0.03994     -4.82326    308.96   1.38546     0.00024     3.84      3.84      3.84      40.048    0.0         58.88    0.15325    
 9600        -4.83492    0.03656     -4.79836    282.82   1.48534     0.00026     3.84      3.84      3.84      40.048    0.0         54.4     0.15868    
 9700        -4.86259    0.02361     -4.83897    182.67   1.37906     0.00024     3.84      3.84      3.84      40.048    0.0         45.38    0.1529     
 9800        -4.87682    0.03453     -4.84228    267.14   1.47895     0.00025     3.84      3.84      3.84      40.048    0.0         52.99    0.15834    
 9900        -4.85151    0.02015     -4.83136    155.92   1.33821     0.00023     3.84      3.84      3.84      40.048    0.0         42.56    0.15061    
 10000       -4.86029    0.02738     -4.8329     211.84   1.4617      0.00024     3.84      3.84      3.84      40.048    0.0         47.47    0.15741    
 10100       -4.84519    0.01532     -4.82986    118.54   1.4887      0.00025     3.84      3.84      3.84      40.048    0.0         35.18    0.15886    

Time averages:
             Epot        Ekin        Etot        Temp     MSD         Self_diff   Pressure    Spec_heat   DebyeT   Lindemann  
             eV/atom     eV/atom     eV/atom     K        Å^2         mm^2/s      GPa         J/(K*Kg)    K        1          
             -4.85423    0.03349     -4.82074    259.08   1.17457     0.00036     0.0         488.87753   58.04    0.1408     