Material ID: Si_MTP_10_10000_eq_0_offset_0_ranfor_10000
Unit cell composition: Si8
Material:  Si
Site positions of initial unit cell:
 Si         
 0.00000    
 0.00000    
 0.00000    
Properties:
 Time        Epot        Ekin        Etot        Temp     MSD         Self_diff   LC_a      LC_b      LC_c      Volume      Pressure    DebyeT   Lindemann 
 fs          eV/atom     eV/atom     eV/atom     K        Å^2         mm^2/s      Å         Å         Å         Å^3/atom    GPa        K        1          
 100         -1.77929    0.04543     -1.73386    351.44   0.0         0.0         3.84      3.84      3.84      40.048    0.0         0        0.0        
 200         -1.63933    8391343255699.364 8391343255697.725 6.491835195144034e+16 0.30792     0.00257     3.84      3.84      3.84      40.048    0.0         1810335349.01 0.07225    
 300         -1.63933    6894656592925.17 6894656592923.53 5.333946302099293e+16 0.22292     0.00124     3.84      3.84      3.84      40.048    0.0         1928604781.87 0.06147    
 400         -1.63933    5664920145850.122 5664920145848.482 4.382579386861856e+16 0.24946     0.00104     3.84      3.84      3.84      40.048    0.0         1652572003.57 0.06503    
 500         -1.63933    4654520440624.226 4654520440622.586 3.60089900892075e+16 0.28388     0.00095     3.84      3.84      3.84      40.048    0.0         1404213698.83 0.06937    
 600         -1.63933    3824336631006.7554 3824336631005.1157 2.9586399200611708e+16 0.30472     0.00085     3.84      3.84      3.84      40.048    0.0         1228532201.14 0.07187    
 700         -1.63933    3142224970096.676 3142224970095.0366 2.4309345989486516e+16 0.30048     0.00072     3.84      3.84      3.84      40.048    0.0         1121429520.84 0.07137    
 800         -1.63933    2581775310151.1016 2581775310149.4624 1.9973512361098076e+16 0.25105     0.00052     3.84      3.84      3.84      40.048    0.0         1112098883.57 0.06524    
 900         -1.63933    2121287797631.0305 2121287797629.3906 1.6411020696045842e+16 0.22031     0.00041     3.84      3.84      3.84      40.048    0.0         1076073648.84 0.06111    
 1000        -1.63933    1742933219020.8318 1742933219019.192 1.3483937993288656e+16 0.26878     0.00045     3.84      3.84      3.84      40.048    0.0         883094324.14 0.0675     
 1100        -1.63933    1432062283223.7146 1432062283222.0752 1.1078932238358556e+16 0.22423     0.00034     3.84      3.84      3.84      40.048    0.0         876396889.09 0.06165    
 1200        -1.63933    1176638593826.1917 1176638593824.5522 9102885679450176.0 0.23788     0.00033     3.84      3.84      3.84      40.048    0.0         771272251.46 0.0635     
 1300        -1.63933    966772454789.1631 966772454787.5237 7479288185992586.0 0.27011     0.00035     3.84      3.84      3.84      40.048    0.0         656080542.57 0.06767    
 1400        -1.63933    794338121588.4187 794338121586.7794 6145276170260204.0 0.29039     0.00035     3.84      3.84      3.84      40.048    0.0         573553204.59 0.07016    
 1500        -1.63933    652659384467.5183 652659384465.879 5049200149987373.0 0.23157     0.00026     3.84      3.84      3.84      40.048    0.0         582184390.18 0.06265    
 1600        -1.63933    536250535790.71686 536250535789.0776 4148620781656823.5 0.15297     0.00016     3.84      3.84      3.84      40.048    0.0         649298081.28 0.05092    
 1700        -1.63933    440604452401.9376 440604452400.2982 3408669391872794.0 0.21759     0.00021     3.84      3.84      3.84      40.048    0.0         493480425.82 0.06073    
 1800        -1.63933    362017881954.3074 362017881952.668 2800696331598939.0 0.23046     0.00021     3.84      3.84      3.84      40.048    0.0         434636148.69 0.0625     
 1900        -1.63933    297448059536.12964 297448059534.4903 2301161712473659.5 0.21417     0.00019     3.84      3.84      3.84      40.048    0.0         408684188.03 0.06025    
 2000        -1.63933    244394958858.34796 244394958856.7086 1890724461014997.0 0.29462     0.00025     3.84      3.84      3.84      40.048    0.0         315849000.94 0.07067    
 2100        -1.63933    200804486566.07108 200804486564.43173 1553493396122313.2 0.24895     0.0002      3.84      3.84      3.84      40.048    0.0         311451065.89 0.06496    
 2200        -1.63933    164988827775.16644 164988827773.5271 1276410994424414.5 0.234       0.00018     3.84      3.84      3.84      40.048    0.0         291194881.22 0.06298    
 2300        -1.63933    135561273730.27536 135561273728.63605 1048749194359360.1 0.23239     0.00017     3.84      3.84      3.84      40.048    0.0         264861193.64 0.06276    
 2400        -1.63933    111382468565.8379 111382468564.19858 861693542409458.5 0.21348     0.00015     3.84      3.84      3.84      40.048    0.0         250493100.99 0.06016    
 2500        -1.63933    91516194052.13118 91516194050.49187 708001128507930.6 0.18247     0.00012     3.84      3.84      3.84      40.048    0.0         245594468.64 0.05562    
 2600        -1.63933    75193298504.0051 75193298502.36577 581721527522696.9 0.19894     0.00013     3.84      3.84      3.84      40.048    0.0         213204185.92 0.05807    
 2700        -1.63933    61781760771.39953 61781760769.7602 477965203868082.3 0.20594     0.00013     3.84      3.84      3.84      40.048    0.0         189942292.09 0.05908    
 2800        -1.63933    50762306611.6644 50762306610.02507 392714871274599.7 0.28107     0.00017     3.84      3.84      3.84      40.048    0.0         147376537.25 0.06903    
 2900        -1.63933    41708306691.85549 41708306690.21616 322669976738405.4 0.26337     0.00015     3.84      3.84      3.84      40.048    0.0         138004653.86 0.06682    
 3000        -1.63933    34269180524.53236 34269180522.89303 265118307592533.6 0.21174     0.00012     3.84      3.84      3.84      40.048    0.0         139512959.83 0.05991    
 3100        -1.63933    28156902315.31262 28156902313.67328 217831596047067.62 0.19128     0.0001      3.84      3.84      3.84      40.048    0.0         133050186.6 0.05694    
 3200        -1.63933    23134814201.7154 23134814200.07606 178978974511389.9 0.27676     0.00014     3.84      3.84      3.84      40.048    0.0         100264058.32 0.06849    
 3300        -1.63933    19008477567.91126 19008477566.27192 147056198180975.9 0.21606     0.00011     3.84      3.84      3.84      40.048    0.0         102861624.54 0.06052    
 3400        -1.63933    15618114135.01726 15618114133.37793 120827166681112.42 0.14284     7e-05       3.84      3.84      3.84      40.048    0.0         114672265.04 0.04921    
 3500        -1.63933    12832453478.48727 12832453476.84794 99276326320116.8 0.23531     0.00011     3.84      3.84      3.84      40.048    0.0         80983501.76 0.06316    
 3600        -1.63933    10543642717.33672 10543642715.69739 81569289673546.94 0.19583     9e-05       3.84      3.84      3.84      40.048    0.0         80467070.97 0.05762    
 3700        -1.63933    8663071742.01449 8663071740.37516 67020538094029.16 0.26632     0.00012     3.84      3.84      3.84      40.048    0.0         62545027.94 0.06719    
 3800        -1.63933    7117918207.29501 7117918205.65568 55066692573789.93 0.36026     0.00016     3.84      3.84      3.84      40.048    0.0         48744897.54 0.07815    
 3900        -1.63933    5848359351.05278 5848359349.41345 45244943404296.38 0.2072      9e-05       3.84      3.84      3.84      40.048    0.0         58261170.07 0.05927    
 4000        -1.63933    4805243193.02269 4805243191.38336 37175033759349.08 0.35732     0.00015     3.84      3.84      3.84      40.048    0.0         40215469.83 0.07783    
 4100        -1.63933    3948172533.59754 3948172531.95821 30544436842934.69 0.19044     8e-05       3.84      3.84      3.84      40.048    0.0         49932267.58 0.05682    
 4200        -1.63933    3243972187.24983 3243972185.6105 25096497873511.98 0.20762     8e-05       3.84      3.84      3.84      40.048    0.0         43347245.43 0.05933    
 4300        -1.63933    2665375237.11986 2665375235.48053 20620270492269.32 0.27549     0.00011     3.84      3.84      3.84      40.048    0.0         34110648.29 0.06834    
 4400        -1.63933    2189979204.2811 2189979202.64177 16942441325266.31 0.28046     0.00011     3.84      3.84      3.84      40.048    0.0         30644244.46 0.06895    
 4500        -1.63933    1799373937.63445 1799373935.99511 13920583036126.37 0.24997     9e-05       3.84      3.84      3.84      40.048    0.0         29422737.32 0.06509    
 4600        -1.63933    1478437726.33834 1478437724.69901 11437708806814.89 0.29487     0.00011     3.84      3.84      3.84      40.048    0.0         24555359.88 0.0707     
 4700        -1.63933    1214743074.35065 1214743072.71131 9397675202680.94 0.22233     8e-05       3.84      3.84      3.84      40.048    0.0         25633153.24 0.06139    
 4800        -1.63933    998080404.97484 998080403.33551 7721497385056.34 0.35427     0.00012     3.84      3.84      3.84      40.048    0.0         18406873.18 0.07749    
 4900        -1.63933    820062777.35549 820062775.71616 6344291060490.31 0.28391     0.0001      3.84      3.84      3.84      40.048    0.0         18637969.32 0.06937    
 5000        -1.63933    673795054.65955 673795053.02021 5212713050657.2 0.25849     9e-05       3.84      3.84      3.84      40.048    0.0         17705308.35 0.0662     
 5100        -1.63933    553616466.31841 553616464.67908 4282969664262.15 0.28018     9e-05       3.84      3.84      3.84      40.048    0.0         15415052.04 0.06892    
 5200        -1.63933    454872452.50969 454872450.87036 3519051606544.97 0.24071     8e-05       3.84      3.84      3.84      40.048    0.0         15075182.92 0.06388    
 5300        -1.63933    373741414.89874 373741413.25941 2891393662718.64 0.29263     9e-05       3.84      3.84      3.84      40.048    0.0         12393340.14 0.07043    
 5400        -1.63933    307080859.12658 307080857.48725 2375684402707.56 0.25531     8e-05       3.84      3.84      3.84      40.048    0.0         12027012.2 0.06579    
 5500        -1.63933    252308855.77246 252308854.13313 1951949121897.35 0.22225     7e-05       3.84      3.84      3.84      40.048    0.0         11684550.4 0.06138    
 5600        -1.63933    207306836.58656 207306834.94723 1603797838960.43 0.31036     9e-05       3.84      3.84      3.84      40.048    0.0         8962586.62 0.07253    
 5700        -1.63933    170331609.57047 170331607.93114 1317744613896.07 0.31072     9e-05       3.84      3.84      3.84      40.048    0.0         8119375.94 0.07258    
 5800        -1.63933    139950798.86114 139950797.22181 1082708088503.2 0.28389     8e-05       3.84      3.84      3.84      40.048    0.0         7699669.61 0.06937    
 5900        -1.63933    114989113.45983 114989111.8205 889595802567.02 0.25984     7e-05       3.84      3.84      3.84      40.048    0.0         7295159.08 0.06637    
 6000        -1.63933    94479617.75674 94479616.11741 730927205677.56 0.19518     5e-05       3.84      3.84      3.84      40.048    0.0         7629727.81 0.05752    
 6100        -1.63933    77627708.56269 77627706.92336 600554971009.42 0.2369      6e-05       3.84      3.84      3.84      40.048    0.0         6277548.58 0.06337    
 6200        -1.63933    63781926.39719 63781924.75785 493439181287.34 0.25181     7e-05       3.84      3.84      3.84      40.048    0.0         5519213.7 0.06533    
 6300        -1.63933    52405387.71077 52405386.07144 405426318515.66 0.22887     6e-05       3.84      3.84      3.84      40.048    0.0         5247584.92 0.06229    
 6400        -1.63933    43058886.72563 43058885.0863 333118533935.89 0.22243     6e-05       3.84      3.84      3.84      40.048    0.0         4824956.85 0.06141    
 6500        -1.63933    35378769.15876 35378767.51942 273702471448.41 0.23588     6e-05       3.84      3.84      3.84      40.048    0.0         4247057.85 0.06323    
 6600        -1.63933    29068552.60285 29068550.96352 224884439962.46 0.33377     8e-05       3.84      3.84      3.84      40.048    0.0         3236302.19 0.07522    
 6700        -1.63933    23883972.93291 23883971.29358 184774727193.31 0.28727     7e-05       3.84      3.84      3.84      40.048    0.0         3162035.86 0.06978    
 6800        -1.63933    19624176.84332 19624175.20399 151819462063.71 0.22342     5e-05       3.84      3.84      3.84      40.048    0.0         3250072.88 0.06154    
 6900        -1.63933    16124182.10365 16124180.46432 124742284618.46 0.21918     5e-05       3.84      3.84      3.84      40.048    0.0         2974390.03 0.06095    
 7000        -1.63933    13248436.69969 13248435.06036 102494517298.28 0.2214      5e-05       3.84      3.84      3.84      40.048    0.0         2682571.44 0.06126    
 7100        -1.63933    10885582.21441 10885580.57508 84214652631.62 0.19488     5e-05       3.84      3.84      3.84      40.048    0.0         2591799.22 0.05748    
 7200        -1.63933    8944030.63516 8944028.99583 69194133876.42 0.17657     4e-05       3.84      3.84      3.84      40.048    0.0         2468118.53 0.05471    
 7300        -1.63933    7348742.30445 7348740.66512 56852428125.46 0.30183     7e-05       3.84      3.84      3.84      40.048    0.0         1711138.04 0.07153    
 7400        -1.63933    6038051.45065 6038049.81132 46712467507.24 0.31447     7e-05       3.84      3.84      3.84      40.048    0.0         1519576.33 0.07301    
 7500        -1.63933    4960984.19304 4960982.55371 38379900339.65 0.2354      5e-05       3.84      3.84      3.84      40.048    0.0         1592007.62 0.06317    
 7600        -1.63933    4076231.85089 4076230.21156 31535148291.29 0.31884     7e-05       3.84      3.84      3.84      40.048    0.0         1239950.6 0.07352    
 7700        -1.63933    3349221.25377 3349219.61443 25910741282.99 0.18678     4e-05       3.84      3.84      3.84      40.048    0.0         1468480.66 0.05627    
 7800        -1.63933    2751815.51826 2751813.87893 21289002591.85 0.18734     4e-05       3.84      3.84      3.84      40.048    0.0         1329082.54 0.05635    
 7900        -1.63933    2260996.58341 2260994.94408 17491856487.13 0.2577      5e-05       3.84      3.84      3.84      40.048    0.0         1027204.5 0.06609    
 8000        -1.63933    1857620.88554 1857619.24621 14371201697.44 0.1969      4e-05       3.84      3.84      3.84      40.048    0.0         1065158.8 0.05777    
 8100        -1.63933    1526271.56543 1526269.9261 11807768034.14 0.20294     4e-05       3.84      3.84      3.84      40.048    0.0         951026.89 0.05865    
 8200        -1.63933    1254014.11677 1254012.47744 9701489654.77 0.2922      6e-05       3.84      3.84      3.84      40.048    0.0         718417.39 0.07038    
 8300        -1.63933    1030342.6492 1030341.00987 7971089334.93 0.26399     5e-05       3.84      3.84      3.84      40.048    0.0         685103.51 0.0669     
 8400        -1.63933    846573.36122 846571.72189 6549386164.05 0.23361     5e-05       3.84      3.84      3.84      40.048    0.0         660165.83 0.06293    
 8500        -1.63933    695606.88993 695605.2506 5381456999.74 0.17518     3e-05       3.84      3.84      3.84      40.048    0.0         691036.6 0.05449    
 8600        -1.63933    571499.61045 571497.97112 4421319891.33 0.23945     5e-05       3.84      3.84      3.84      40.048    0.0         535747.76 0.06371    
 8700        -1.63933    469579.25197 469577.61263 3632828525.7 0.19513     4e-05       3.84      3.84      3.84      40.048    0.0         537963.64 0.05751    
 8800        -1.63933    385832.11037 385830.47104 2984931490.97 0.23204     4e-05       3.84      3.84      3.84      40.048    0.0         447173.56 0.06272    
 8900        -1.63933    317037.64407 317036.00474 2452713556.42 0.21679     4e-05       3.84      3.84      3.84      40.048    0.0         419368.67 0.06062    
 9000        -1.63933    260492.81323 260491.1739 2015263065.13 0.2353      4e-05       3.84      3.84      3.84      40.048    0.0         364876.8 0.06316    
 9100        -1.63933    214029.95264 214028.31331 1655810204.65 0.2041      4e-05       3.84      3.84      3.84      40.048    0.0         355123.43 0.05882    
 9200        -1.63933    175836.94114 175835.3018 1360335774.96 0.26001     5e-05       3.84      3.84      3.84      40.048    0.0         285179.37 0.06639    
 9300        -1.63933    144484.05803 144482.4187 1117778959.23 0.21889     4e-05       3.84      3.84      3.84      40.048    0.0         281748.53 0.06091    
 9400        -1.63933    118716.62256 118714.98323 918433110.31 0.2039      4e-05       3.84      3.84      3.84      40.048    0.0         264609.68 0.05879    
 9500        -1.63933    97535.04417 97533.40484 754565047.82 0.25221     4e-05       3.84      3.84      3.84      40.048    0.0         215654.24 0.06539    
 9600        -1.63933    80141.35284 80139.71351 620001397.96 0.24577     4e-05       3.84      3.84      3.84      40.048    0.0         198026.91 0.06455    
 9700        -1.63933    65857.37965 65855.74032 509495610.01 0.2598      4e-05       3.84      3.84      3.84      40.048    0.0         174600.32 0.06636    
 9800        -1.63933    54111.54111 54109.90178 418625715.04 0.27008     5e-05       3.84      3.84      3.84      40.048    0.0         155226.01 0.06766    
 9900        -1.63933    44461.70925 44460.06992 343971257.24 0.29997     5e-05       3.84      3.84      3.84      40.048    0.0         133511.42 0.07131    
 10000       -1.63933    36533.00061 36531.36128 282632007.64 0.3101      5e-05       3.84      3.84      3.84      40.048    0.0         119028.6 0.0725     
 10100       -1.63933    30016.24907 30014.60974 232216149.65 0.23066     4e-05       3.84      3.84      3.84      40.048    0.0         125099.08 0.06253    

Time averages:
             Epot        Ekin        Etot        Temp     MSD         Self_diff   Pressure    Spec_heat   DebyeT   Lindemann  
             eV/atom     eV/atom     eV/atom     K        Å^2         mm^2/s      GPa         J/(K*Kg)    K        1          
             -1.63933    470470179545.5672 470470179543.928 3639721051531572.5 0.24638     0.00015     0.0         -91.35696   214565405.5 0.06437    