Material ID: Al_MTP_06_10000_eq_0_ranfor_10000
Unit cell composition: Al32
Material:  Al
Site positions of initial unit cell:
 Al          Al          Al          Al         
 0.00000     0.00000     2.02395     2.02395    
 0.00000     2.02395     0.00000     2.02395    
 0.00000     2.02395     2.02395     0.00000    
Properties:
 Time        Epot        Ekin        Etot        Temp     MSD         Self_diff   LC_a      LC_b      LC_c      Volume      Pressure    DebyeT   Lindemann 
 fs          eV/atom     eV/atom     eV/atom     K        Å^2         mm^2/s      Å         Å         Å         Å^3/atom    GPa        K        1          
 100         -3.7289     0.04926     -3.67963    381.12   0.0         0.0         4.048     4.048     4.048     16.582    0.0         inf      0.0        
 200         -3.69897    0.02922     -3.66975    226.02   0.01975     0.00016     4.048     4.048     4.048     16.582    0.0         430.31   0.02455    
 300         -3.70049    0.03702     -3.66348    286.39   0.02109     0.00012     4.048     4.048     4.048     16.582    0.0         468.76   0.02537    
 400         -3.69917    0.03659     -3.66258    283.08   0.01891     8e-05       4.048     4.048     4.048     16.582    0.0         492.16   0.02402    
 500         -3.68673    0.03221     -3.65452    249.22   0.02629     9e-05       4.048     4.048     4.048     16.582    0.0         391.62   0.02833    
 600         -3.68862    0.04091     -3.64771    316.52   0.02575     7e-05       4.048     4.048     4.048     16.582    0.0         445.95   0.02803    
 700         -3.69468    0.03284     -3.66185    254.03   0.02028     5e-05       4.048     4.048     4.048     16.582    0.0         450.21   0.02488    
 800         -3.69133    0.04131     -3.65002    319.59   0.02746     6e-05       4.048     4.048     4.048     16.582    0.0         433.97   0.02895    
 900         -3.69548    0.04166     -3.65381    322.3    0.02326     4e-05       4.048     4.048     4.048     16.582    0.0         473.49   0.02664    
 1000        -3.69533    0.03296     -3.66237    255.02   0.02348     4e-05       4.048     4.048     4.048     16.582    0.0         419.18   0.02677    
 1100        -3.69292    0.02623     -3.66669    202.93   0.02512     4e-05       4.048     4.048     4.048     16.582    0.0         361.57   0.02768    
 1200        -3.6926     0.02994     -3.66266    231.65   0.02166     3e-05       4.048     4.048     4.048     16.582    0.0         416.03   0.02571    
 1300        -3.6946     0.03115     -3.66345    240.95   0.02214     3e-05       4.048     4.048     4.048     16.582    0.0         419.63   0.02599    
 1400        -3.6956     0.03307     -3.66253    255.84   0.01977     2e-05       4.048     4.048     4.048     16.582    0.0         457.57   0.02456    
 1500        -3.69368    0.03972     -3.65396    307.3    0.02561     3e-05       4.048     4.048     4.048     16.582    0.0         440.65   0.02795    
 1600        -3.7027     0.03823     -3.66447    295.77   0.01956     2e-05       4.048     4.048     4.048     16.582    0.0         494.65   0.02443    
 1700        -3.70185    0.03824     -3.66361    295.85   0.02053     2e-05       4.048     4.048     4.048     16.582    0.0         482.83   0.02503    
 1800        -3.68883    0.04279     -3.64604    331.03   0.03235     3e-05       4.048     4.048     4.048     16.582    0.0         406.9    0.03142    
 1900        -3.68646    0.03121     -3.65525    241.42   0.02821     2e-05       4.048     4.048     4.048     16.582    0.0         372.14   0.02934    
 2000        -3.70258    0.03993     -3.66265    308.88   0.01762     1e-05       4.048     4.048     4.048     16.582    0.0         532.66   0.02318    
 2100        -3.69736    0.04306     -3.6543     333.14   0.02517     2e-05       4.048     4.048     4.048     16.582    0.0         462.76   0.02771    
 2200        -3.68965    0.03433     -3.65532    265.57   0.0312      2e-05       4.048     4.048     4.048     16.582    0.0         371.12   0.03086    
 2300        -3.70178    0.03793     -3.66385    293.41   0.02122     2e-05       4.048     4.048     4.048     16.582    0.0         473.04   0.02544    
 2400        -3.69566    0.03507     -3.66059    271.3    0.02409     2e-05       4.048     4.048     4.048     16.582    0.0         426.85   0.02711    
 2500        -3.68853    0.03692     -3.65161    285.59   0.02983     2e-05       4.048     4.048     4.048     16.582    0.0         393.58   0.03017    
 2600        -3.67668    0.0469      -3.62978    362.81   0.03921     3e-05       4.048     4.048     4.048     16.582    0.0         386.92   0.03459    
 2700        -3.68296    0.0381      -3.64487    294.74   0.03875     2e-05       4.048     4.048     4.048     16.582    0.0         350.83   0.03439    
 2800        -3.69116    0.03668     -3.65447    283.81   0.0271      2e-05       4.048     4.048     4.048     16.582    0.0         411.63   0.02876    
 2900        -3.68708    0.02346     -3.66362    181.47   0.02871     2e-05       4.048     4.048     4.048     16.582    0.0         319.79   0.0296     
 3000        -3.68034    0.03333     -3.64702    257.82   0.03742     2e-05       4.048     4.048     4.048     16.582    0.0         333.9    0.03379    
 3100        -3.68537    0.05227     -3.6331     404.36   0.03347     2e-05       4.048     4.048     4.048     16.582    0.0         442.1    0.03196    
 3200        -3.69214    0.04147     -3.65067    320.8    0.02819     1e-05       4.048     4.048     4.048     16.582    0.0         429.12   0.02933    
 3300        -3.68676    0.03642     -3.65034    281.72   0.02856     1e-05       4.048     4.048     4.048     16.582    0.0         399.48   0.02952    
 3400        -3.69661    0.03886     -3.65774    300.66   0.02781     1e-05       4.048     4.048     4.048     16.582    0.0         418.24   0.02913    
 3500        -3.69789    0.03483     -3.66307    269.42   0.0206      1e-05       4.048     4.048     4.048     16.582    0.0         460.05   0.02507    
 3600        -3.69303    0.04004     -3.65299    309.76   0.02437     1e-05       4.048     4.048     4.048     16.582    0.0         453.51   0.02727    
 3700        -3.69616    0.03026     -3.6659     234.09   0.02127     1e-05       4.048     4.048     4.048     16.582    0.0         421.99   0.02548    
 3800        -3.68849    0.04061     -3.64788    314.19   0.02876     1e-05       4.048     4.048     4.048     16.582    0.0         420.44   0.02962    
 3900        -3.68961    0.03947     -3.65013    305.39   0.03132     1e-05       4.048     4.048     4.048     16.582    0.0         397.23   0.03091    
 4000        -3.70088    0.03517     -3.66571    272.12   0.01774     1e-05       4.048     4.048     4.048     16.582    0.0         498.14   0.02327    
 4100        -3.69507    0.03365     -3.66142    260.35   0.0266      1e-05       4.048     4.048     4.048     16.582    0.0         397.99   0.02849    
 4200        -3.69471    0.0326      -3.66211    252.18   0.0215      1e-05       4.048     4.048     4.048     16.582    0.0         435.61   0.02562    
 4300        -3.70022    0.03183     -3.66839    246.22   0.02095     1e-05       4.048     4.048     4.048     16.582    0.0         436.04   0.02529    
 4400        -3.69615    0.03461     -3.66153    267.79   0.0197      1e-05       4.048     4.048     4.048     16.582    0.0         469.03   0.02452    
 4500        -3.68641    0.03866     -3.64774    299.09   0.02592     1e-05       4.048     4.048     4.048     16.582    0.0         432.1    0.02812    
 4600        -3.69155    0.0374      -3.65415    289.32   0.02508     1e-05       4.048     4.048     4.048     16.582    0.0         432.06   0.02766    
 4700        -3.68333    0.03769     -3.64564    291.55   0.03204     1e-05       4.048     4.048     4.048     16.582    0.0         383.7    0.03127    
 4800        -3.68282    0.03986     -3.64296    308.4    0.0334      1e-05       4.048     4.048     4.048     16.582    0.0         386.53   0.03192    
 4900        -3.69248    0.03129     -3.66118    242.11   0.02547     1e-05       4.048     4.048     4.048     16.582    0.0         392.15   0.02788    
 5000        -3.68592    0.03108     -3.65484    240.43   0.03677     1e-05       4.048     4.048     4.048     16.582    0.0         325.28   0.0335     
 5100        -3.68347    0.0432      -3.64028    334.2    0.03329     1e-05       4.048     4.048     4.048     16.582    0.0         403.04   0.03187    
 5200        -3.68829    0.03928     -3.64901    303.87   0.02848     1e-05       4.048     4.048     4.048     16.582    0.0         415.46   0.02948    
 5300        -3.69981    0.03276     -3.66705    253.41   0.02534     1e-05       4.048     4.048     4.048     16.582    0.0         402.27   0.02781    
 5400        -3.68637    0.02651     -3.65986    205.09   0.02999     1e-05       4.048     4.048     4.048     16.582    0.0         332.63   0.03025    
 5500        -3.69459    0.03779     -3.6568     292.32   0.0252      1e-05       4.048     4.048     4.048     16.582    0.0         433.27   0.02773    
 5600        -3.69303    0.03715     -3.65588    287.39   0.02521     1e-05       4.048     4.048     4.048     16.582    0.0         429.52   0.02773    
 5700        -3.69627    0.04658     -3.64969    360.34   0.02558     1e-05       4.048     4.048     4.048     16.582    0.0         477.46   0.02794    
 5800        -3.68253    0.03418     -3.64834    264.44   0.03943     1e-05       4.048     4.048     4.048     16.582    0.0         329.42   0.03469    
 5900        -3.6901     0.02962     -3.66049    229.13   0.02385     1e-05       4.048     4.048     4.048     16.582    0.0         394.31   0.02697    
 6000        -3.69543    0.03283     -3.6626     253.99   0.02695     1e-05       4.048     4.048     4.048     16.582    0.0         390.48   0.02868    
 6100        -3.69009    0.03014     -3.65995    233.18   0.03228     1e-05       4.048     4.048     4.048     16.582    0.0         341.88   0.03139    
 6200        -3.69722    0.04131     -3.65591    319.59   0.0237      1e-05       4.048     4.048     4.048     16.582    0.0         467.1    0.02689    
 6300        -3.68582    0.04189     -3.64392    324.08   0.03122     1e-05       4.048     4.048     4.048     16.582    0.0         409.86   0.03086    
 6400        -3.6908     0.04598     -3.64482    355.71   0.02918     1e-05       4.048     4.048     4.048     16.582    0.0         444.15   0.02984    
 6500        -3.6914     0.03378     -3.65762    261.32   0.02581     1e-05       4.048     4.048     4.048     16.582    0.0         404.74   0.02807    
 6600        -3.6934     0.03572     -3.65768    276.31   0.02345     1e-05       4.048     4.048     4.048     16.582    0.0         436.61   0.02675    
 6700        -3.69868    0.03687     -3.66181    285.26   0.0184      0.0         4.048     4.048     4.048     16.582    0.0         500.8    0.0237     
 6800        -3.68794    0.04355     -3.64439    336.94   0.0264      1e-05       4.048     4.048     4.048     16.582    0.0         454.47   0.02838    
 6900        -3.69352    0.0402      -3.65332    311.02   0.02207     1e-05       4.048     4.048     4.048     16.582    0.0         477.48   0.02595    
 7000        -3.69286    0.039       -3.65387    301.68   0.02205     1e-05       4.048     4.048     4.048     16.582    0.0         470.47   0.02594    
 7100        -3.69443    0.0307      -3.66374    237.48   0.02084     0.0         4.048     4.048     4.048     16.582    0.0         429.45   0.02521    
 7200        -3.69901    0.04053     -3.65848    313.55   0.01889     0.0         4.048     4.048     4.048     16.582    0.0         518.23   0.02401    
 7300        -3.69492    0.03847     -3.65645    297.6    0.02017     0.0         4.048     4.048     4.048     16.582    0.0         488.61   0.02481    
 7400        -3.6967     0.03255     -3.66415    251.82   0.02141     0.0         4.048     4.048     4.048     16.582    0.0         436.23   0.02556    
 7500        -3.70022    0.03551     -3.66471    274.75   0.02105     0.0         4.048     4.048     4.048     16.582    0.0         459.61   0.02534    
 7600        -3.69293    0.04108     -3.65184    317.84   0.02273     0.0         4.048     4.048     4.048     16.582    0.0         475.64   0.02634    
 7700        -3.69312    0.039       -3.65412    301.75   0.02256     0.0         4.048     4.048     4.048     16.582    0.0         465.27   0.02623    
 7800        -3.6893     0.03648     -3.65282    282.22   0.02725     1e-05       4.048     4.048     4.048     16.582    0.0         409.33   0.02884    
 7900        -3.69574    0.02904     -3.6667     224.67   0.02217     0.0         4.048     4.048     4.048     16.582    0.0         404.93   0.02601    
 8000        -3.70417    0.03373     -3.67043    260.97   0.01518     0.0         4.048     4.048     4.048     16.582    0.0         527.34   0.02153    
 8100        -3.68685    0.03349     -3.65336    259.08   0.02978     1e-05       4.048     4.048     4.048     16.582    0.0         375.18   0.03015    
 8200        -3.69394    0.04068     -3.65327    314.68   0.02428     0.0         4.048     4.048     4.048     16.582    0.0         457.97   0.02722    
 8300        -3.69979    0.03438     -3.66541    266.0    0.01845     0.0         4.048     4.048     4.048     16.582    0.0         483.05   0.02372    
 8400        -3.70133    0.03591     -3.66542    277.78   0.02153     0.0         4.048     4.048     4.048     16.582    0.0         456.87   0.02563    
 8500        -3.69261    0.03765     -3.65496    291.29   0.02399     0.0         4.048     4.048     4.048     16.582    0.0         443.21   0.02706    
 8600        -3.68761    0.03471     -3.65291    268.51   0.03347     1e-05       4.048     4.048     4.048     16.582    0.0         360.3    0.03196    
 8700        -3.69451    0.03708     -3.65743    286.85   0.0253      0.0         4.048     4.048     4.048     16.582    0.0         428.34   0.02778    
 8800        -3.69764    0.03665     -3.66099    283.5    0.02273     0.0         4.048     4.048     4.048     16.582    0.0         449.24   0.02634    
 8900        -3.69104    0.02767     -3.66336    214.09   0.02573     0.0         4.048     4.048     4.048     16.582    0.0         366.92   0.02802    
 9000        -3.69222    0.03059     -3.66163    236.65   0.02598     0.0         4.048     4.048     4.048     16.582    0.0         383.89   0.02816    
 9100        -3.69007    0.03632     -3.65375    280.98   0.02616     0.0         4.048     4.048     4.048     16.582    0.0         416.9    0.02825    
 9200        -3.69689    0.03598     -3.66091    278.32   0.02552     0.0         4.048     4.048     4.048     16.582    0.0         420.11   0.0279     
 9300        -3.69752    0.03134     -3.66618    242.48   0.02027     0.0         4.048     4.048     4.048     16.582    0.0         439.98   0.02487    
 9400        -3.69136    0.02599     -3.66536    201.1    0.02684     0.0         4.048     4.048     4.048     16.582    0.0         348.16   0.02862    
 9500        -3.69585    0.04573     -3.65012    353.79   0.02108     0.0         4.048     4.048     4.048     16.582    0.0         521.1    0.02536    
 9600        -3.68726    0.0368      -3.65046    284.72   0.0249      0.0         4.048     4.048     4.048     16.582    0.0         430.14   0.02756    
 9700        -3.69036    0.02751     -3.66285    212.82   0.02987     1e-05       4.048     4.048     4.048     16.582    0.0         339.55   0.03019    
 9800        -3.69453    0.02646     -3.66807    204.74   0.02449     0.0         4.048     4.048     4.048     16.582    0.0         367.77   0.02734    
 9900        -3.68953    0.04921     -3.64031    380.73   0.02996     1e-05       4.048     4.048     4.048     16.582    0.0         453.42   0.03024    
 10000       -3.69447    0.03865     -3.65582    298.98   0.02633     0.0         4.048     4.048     4.048     16.582    0.0         428.67   0.02834    
 10100       -3.68647    0.03832     -3.64815    296.46   0.03403     1e-05       4.048     4.048     4.048     16.582    0.0         375.44   0.03223    

Time averages:
             Epot        Ekin        Etot        Temp     MSD         Self_diff   Pressure    Spec_heat   DebyeT   Lindemann  
             eV/atom     eV/atom     eV/atom     K        Å^2         mm^2/s      GPa         J/(K*Kg)    K        1          
             -3.69273    0.03626     -3.65648    280.49   0.02562     1e-05       0.0         489.57082   425.28   0.02783    