Material ID: Al_MTP_10_10_eq_0_ranfor_10000
Unit cell composition: Al32
Material:  Al
Site positions of initial unit cell:
 Al          Al          Al          Al         
 0.00000     0.00000     2.02395     2.02395    
 0.00000     2.02395     0.00000     2.02395    
 0.00000     2.02395     2.02395     0.00000    
Properties:
 Time        Epot        Ekin        Etot        Temp     MSD         Self_diff   LC_a      LC_b      LC_c      Volume      Pressure    DebyeT   Lindemann 
 fs          eV/atom     eV/atom     eV/atom     K        Å^2         mm^2/s      Å         Å         Å         Å^3/atom    GPa        K        1          
 500         -3.72821    0.03685     -3.69136    285.07   0.0         0.0         4.048     4.048     4.048     16.582    0.0         inf      0.0        
 1000        31.48696    1.08788     32.57484    8416.18  2.953554695865278e+24 4.922591159775463e+21 4.048     4.048     4.048     16.582    0.0         0.0      300211784485.24817
 1500        31.48696    0.04603     31.533      356.13   2.9535546958654054e+24 3.28172743985045e+21 4.048     4.048     4.048     16.582    0.0         0.0      300211784485.2546
 2000        31.48696    0.0383      31.52527    296.34   2.9535546958653856e+24 2.4612955798878217e+21 4.048     4.048     4.048     16.582    0.0         0.0      300211784485.2536
 2500        31.48696    0.03313     31.5201     256.34   2.9535546958653646e+24 1.9690364639102433e+21 4.048     4.048     4.048     16.582    0.0         0.0      300211784485.25256
 3000        31.48696    0.0391      31.52606    302.47   2.9535546958653807e+24 1.6408637199252115e+21 4.048     4.048     4.048     16.582    0.0         0.0      300211784485.25336
 3500        31.48696    0.03982     31.52679    308.09   2.9535546958653705e+24 1.406454617078748e+21 4.048     4.048     4.048     16.582    0.0         0.0      300211784485.25287
 4000        31.48696    0.03839     31.52536    297.03   2.953554695865398e+24 1.2306477899439158e+21 4.048     4.048     4.048     16.582    0.0         0.0      300211784485.2542
 4500        31.48696    0.03175     31.51872    245.65   2.9535546958653995e+24 1.0939091466168146e+21 4.048     4.048     4.048     16.582    0.0         0.0      300211784485.25433
 5000        31.48696    0.03274     31.51971    253.32   2.9535546958654366e+24 9.845182319551455e+20 4.048     4.048     4.048     16.582    0.0         0.0      300211784485.25616
 5500        31.48696    0.04173     31.5287     322.86   2.953554695865461e+24 8.950165745046853e+20 4.048     4.048     4.048     16.582    0.0         0.0      300211784485.25745
 6000        31.48696    0.03516     31.52212    271.98   2.9535546958654323e+24 8.204318599626201e+20 4.048     4.048     4.048     16.582    0.0         0.0      300211784485.256
 6500        31.48696    0.02842     31.51539    219.88   2.953554695865401e+24 7.573217168885644e+20 4.048     4.048     4.048     16.582    0.0         0.0      300211784485.2544
 7000        31.48696    0.03423     31.52119    264.79   2.9535546958653877e+24 7.03227308539378e+20 4.048     4.048     4.048     16.582    0.0         0.0      300211784485.2537
 7500        31.48696    0.0347      31.52167    268.48   2.9535546958653807e+24 6.563454879700846e+20 4.048     4.048     4.048     16.582    0.0         0.0      300211784485.25336
 8000        31.48696    0.0367      31.52367    283.96   2.9535546958654205e+24 6.153238949719626e+20 4.048     4.048     4.048     16.582    0.0         0.0      300211784485.2554
 8500        31.48696    0.03386     31.52082    261.94   2.953554695865411e+24 5.7912837173831585e+20 4.048     4.048     4.048     16.582    0.0         0.0      300211784485.2549
 9000        31.48696    0.03758     31.52454    290.72   2.953554695865444e+24 5.469545733084156e+20 4.048     4.048     4.048     16.582    0.0         0.0      300211784485.2566
 9500        31.48696    0.0456      31.53257    352.81   2.953554695865421e+24 5.181674905027054e+20 4.048     4.048     4.048     16.582    0.0         0.0      300211784485.25543
 10000       31.48696    0.03186     31.51882    246.44   2.9535546958654333e+24 4.922591159775722e+20 4.048     4.048     4.048     16.582    0.0         0.0      300211784485.25604
 10500       31.48696    0.03483     31.52179    269.45   2.9535546958654205e+24 4.6881820569292394e+20 4.048     4.048     4.048     16.582    0.0         0.0      300211784485.2554
 11000       31.48696    0.035       31.52197    270.79   2.953554695865406e+24 4.4750828725233425e+20 4.048     4.048     4.048     16.582    0.0         0.0      300211784485.25464
 11500       31.48696    0.02898     31.51595    224.22   2.953554695865382e+24 4.280514051978815e+20 4.048     4.048     4.048     16.582    0.0         0.0      300211784485.2534
 12000       31.48696    0.0396      31.52656    306.33   2.953554695865357e+24 4.102159299812996e+20 4.048     4.048     4.048     16.582    0.0         0.0      300211784485.2522
 12500       31.48696    0.03364     31.52061    260.29   2.953554695865369e+24 3.9380729278204917e+20 4.048     4.048     4.048     16.582    0.0         0.0      300211784485.25275
 13000       31.48696    0.03073     31.5177     237.76   2.953554695865358e+24 3.786608584442767e+20 4.048     4.048     4.048     16.582    0.0         0.0      300211784485.2522
 13500       31.48696    0.04478     31.53174    346.41   2.9535546958653636e+24 3.6463638220560046e+20 4.048     4.048     4.048     16.582    0.0         0.0      300211784485.2525
 14000       31.48696    0.03743     31.52439    289.56   2.953554695865399e+24 3.516136542696904e+20 4.048     4.048     4.048     16.582    0.0         0.0      300211784485.25433
 14500       31.48696    0.03775     31.52471    292.03   2.9535546958654044e+24 3.394890455017706e+20 4.048     4.048     4.048     16.582    0.0         0.0      300211784485.2546
 15000       31.48696    0.03155     31.51852    244.12   2.9535546958654333e+24 3.281727439850482e+20 4.048     4.048     4.048     16.582    0.0         0.0      300211784485.25604
 15500       31.48696    0.02957     31.51654    228.78   2.953554695865487e+24 3.175865264371492e+20 4.048     4.048     4.048     16.582    0.0         0.0      300211784485.2588
 16000       31.48696    0.0356      31.52256    275.39   2.953554695865502e+24 3.076619474859898e+20 4.048     4.048     4.048     16.582    0.0         0.0      300211784485.2595
 16500       31.48696    0.03324     31.5202     257.17   2.9535546958655e+24 2.983388581682323e+20 4.048     4.048     4.048     16.582    0.0         0.0      300211784485.2594
 17000       31.48696    0.03563     31.52259    275.61   2.953554695865504e+24 2.895641858691671e+20 4.048     4.048     4.048     16.582    0.0         0.0      300211784485.25964
 17500       31.48696    0.03641     31.52338    281.69   2.953554695865514e+24 2.8129092341576322e+20 4.048     4.048     4.048     16.582    0.0         0.0      300211784485.26013
 18000       31.48696    0.04124     31.5282     319.01   2.9535546958655294e+24 2.7347728665421575e+20 4.048     4.048     4.048     16.582    0.0         0.0      300211784485.2609
 18500       31.48696    0.03562     31.52258    275.58   2.9535546958655064e+24 2.6608600863653213e+20 4.048     4.048     4.048     16.582    0.0         0.0      300211784485.25977
 19000       31.48696    0.0319      31.51887    246.81   2.953554695865528e+24 2.5908374525136208e+20 4.048     4.048     4.048     16.582    0.0         0.0      300211784485.26086
 19500       31.48696    0.02926     31.51622    226.37   2.953554695865516e+24 2.524405722961979e+20 4.048     4.048     4.048     16.582    0.0         0.0      300211784485.26025
 20000       31.48696    0.05137     31.53834    397.45   2.9535546958655257e+24 2.4612955798879375e+20 4.048     4.048     4.048     16.582    0.0         0.0      300211784485.26074
 20500       31.48696    0.03452     31.52149    267.07   2.9535546958655107e+24 2.401263980378464e+20 4.048     4.048     4.048     16.582    0.0         0.0      300211784485.26
 21000       31.48696    0.03916     31.52612    302.93   2.953554695865465e+24 2.3440910284646547e+20 4.048     4.048     4.048     16.582    0.0         0.0      300211784485.2576
 21500       31.48696    0.03659     31.52355    283.08   2.953554695865454e+24 2.2895772836166304e+20 4.048     4.048     4.048     16.582    0.0         0.0      300211784485.2571
 22000       31.48696    0.032       31.51897    247.58   2.95355469586549e+24 2.237541436261735e+20 4.048     4.048     4.048     16.582    0.0         0.0      300211784485.2589
 22500       31.48696    0.0353      31.52226    273.08   2.953554695865483e+24 2.187818293233691e+20 4.048     4.048     4.048     16.582    0.0         0.0      300211784485.25854
 23000       31.48696    0.0402      31.52716    311.01   2.953554695865512e+24 2.140257025989502e+20 4.048     4.048     4.048     16.582    0.0         0.0      300211784485.2601
 23500       31.48696    0.0349      31.52186    269.98   2.953554695865516e+24 2.0947196424578122e+20 4.048     4.048     4.048     16.582    0.0         0.0      300211784485.26025
 24000       31.48696    0.03184     31.5188     246.3    2.9535546958655246e+24 2.0510796499066143e+20 4.048     4.048     4.048     16.582    0.0         0.0      300211784485.2607
 24500       31.48696    0.03779     31.52475    292.36   2.95355469586552e+24 2.0092208815411698e+20 4.048     4.048     4.048     16.582    0.0         0.0      300211784485.26044
 25000       31.48696    0.04142     31.52838    320.4    2.953554695865544e+24 1.9690364639103628e+20 4.048     4.048     4.048     16.582    0.0         0.0      300211784485.26166
 25500       31.48696    0.03253     31.51949    251.66   2.953554695865526e+24 1.9304279057944615e+20 4.048     4.048     4.048     16.582    0.0         0.0      300211784485.26074
 26000       31.48696    0.038       31.52496    293.99   2.9535546958655107e+24 1.8933042922214815e+20 4.048     4.048     4.048     16.582    0.0         0.0      300211784485.26
 26500       31.48696    0.03958     31.52654    306.2    2.953554695865504e+24 1.8575815697267324e+20 4.048     4.048     4.048     16.582    0.0         0.0      300211784485.25964
 27000       31.48696    0.03083     31.51779    238.5    2.953554695865472e+24 1.8231819110280692e+20 4.048     4.048     4.048     16.582    0.0         0.0      300211784485.258
 27500       31.48696    0.03984     31.5268     308.23   2.9535546958655015e+24 1.790033149009395e+20 4.048     4.048     4.048     16.582    0.0         0.0      300211784485.2595
 28000       31.48696    0.03928     31.52625    303.91   2.9535546958654774e+24 1.7580682713484984e+20 4.048     4.048     4.048     16.582    0.0         0.0      300211784485.2583
 28500       31.48696    0.04319     31.53015    334.13   2.953554695865488e+24 1.7272249683423907e+20 4.048     4.048     4.048     16.582    0.0         0.0      300211784485.25885
 29000       31.48696    0.03478     31.52174    269.04   2.953554695865481e+24 1.6974452275088972e+20 4.048     4.048     4.048     16.582    0.0         0.0      300211784485.2585
 29500       31.48696    0.03367     31.52064    260.49   2.9535546958654913e+24 1.668674969415532e+20 4.048     4.048     4.048     16.582    0.0         0.0      300211784485.259
 30000       31.48696    0.04546     31.53242    351.68   2.953554695865479e+24 1.640863719925266e+20 4.048     4.048     4.048     16.582    0.0         0.0      300211784485.25836
 30500       31.48696    0.05449     31.54146    421.58   2.9535546958655107e+24 1.613964314680607e+20 4.048     4.048     4.048     16.582    0.0         0.0      300211784485.26
 31000       31.48696    0.03565     31.52262    275.83   2.9535546958655096e+24 1.587932632185758e+20 4.048     4.048     4.048     16.582    0.0         0.0      300211784485.2599
 31500       31.48696    0.04288     31.52985    331.75   2.953554695865505e+24 1.5627273523097908e+20 4.048     4.048     4.048     16.582    0.0         0.0      300211784485.2597
 32000       31.48696    0.03314     31.52011    256.42   2.953554695865517e+24 1.5383097374299567e+20 4.048     4.048     4.048     16.582    0.0         0.0      300211784485.26025
 32500       31.48696    0.02948     31.51644    228.04   2.9535546958654817e+24 1.51464343377717e+20 4.048     4.048     4.048     16.582    0.0         0.0      300211784485.2585
 33000       31.48696    0.04706     31.53402    364.06   2.953554695865487e+24 1.491694290841155e+20 4.048     4.048     4.048     16.582    0.0         0.0      300211784485.2588
 33500       31.48696    0.03955     31.52651    305.94   2.9535546958654833e+24 1.4694301969480014e+20 4.048     4.048     4.048     16.582    0.0         0.0      300211784485.25854
 34000       31.48696    0.03451     31.52148    267.01   2.953554695865495e+24 1.4478209293458309e+20 4.048     4.048     4.048     16.582    0.0         0.0      300211784485.25916
 34500       31.48696    0.03843     31.5254     297.34   2.9535546958654924e+24 1.4268380173263248e+20 4.048     4.048     4.048     16.582    0.0         0.0      300211784485.25903
 35000       31.48696    0.04068     31.52764    314.7    2.953554695865489e+24 1.4064546170788043e+20 4.048     4.048     4.048     16.582    0.0         0.0      300211784485.25885
 35500       31.48696    0.03527     31.52223    272.85   2.953554695865501e+24 1.3866453971199536e+20 4.048     4.048     4.048     16.582    0.0         0.0      300211784485.25946
 36000       31.48696    0.04533     31.53229    350.69   2.9535546958655074e+24 1.3673864332710684e+20 4.048     4.048     4.048     16.582    0.0         0.0      300211784485.2598
 36500       31.48696    0.04224     31.52921    326.82   2.953554695865461e+24 1.3486551122673338e+20 4.048     4.048     4.048     16.582    0.0         0.0      300211784485.25745
 37000       31.48696    0.03477     31.52173    268.96   2.953554695865461e+24 1.3304300431826403e+20 4.048     4.048     4.048     16.582    0.0         0.0      300211784485.25745
 37500       31.48696    0.04215     31.52911    326.06   2.953554695865474e+24 1.3126909759402107e+20 4.048     4.048     4.048     16.582    0.0         0.0      300211784485.2581
 38000       31.48696    0.03767     31.52464    291.44   2.953554695865493e+24 1.2954187262567953e+20 4.048     4.048     4.048     16.582    0.0         0.0      300211784485.2591
 38500       31.48696    0.03353     31.52049    259.36   2.9535546958654897e+24 1.278595106435277e+20 4.048     4.048     4.048     16.582    0.0         0.0      300211784485.2589
 39000       31.48696    0.04497     31.53193    347.87   2.953554695865527e+24 1.2622028614809946e+20 4.048     4.048     4.048     16.582    0.0         0.0      300211784485.2608
 39500       31.48696    0.04248     31.52945    328.67   2.9535546958655064e+24 1.246225610069834e+20 4.048     4.048     4.048     16.582    0.0         0.0      300211784485.25977
 40000       31.48696    0.03442     31.52139    266.3    2.953554695865527e+24 1.2306477899439694e+20 4.048     4.048     4.048     16.582    0.0         0.0      300211784485.2608
 40500       31.48696    0.03579     31.52275    276.86   2.9535546958655547e+24 1.2154546073520801e+20 4.048     4.048     4.048     16.582    0.0         0.0      300211784485.2622
 41000       31.48696    0.03354     31.5205     259.46   2.9535546958655203e+24 1.200631990189236e+20 4.048     4.048     4.048     16.582    0.0         0.0      300211784485.26044
 41500       31.48696    0.03692     31.52388    285.6    2.953554695865548e+24 1.1861665445243163e+20 4.048     4.048     4.048     16.582    0.0         0.0      300211784485.26184
 42000       31.48696    0.0331      31.52006    256.06   2.9535546958655676e+24 1.1720455142323682e+20 4.048     4.048     4.048     16.582    0.0         0.0      300211784485.2629
 42500       31.48696    0.0444      31.53137    343.51   2.953554695865571e+24 1.1582567434766944e+20 4.048     4.048     4.048     16.582    0.0         0.0      300211784485.263
 43000       31.48696    0.04132     31.52828    319.67   2.9535546958656014e+24 1.1447886418083725e+20 4.048     4.048     4.048     16.582    0.0         0.0      300211784485.2646
 43500       31.48696    0.02961     31.51657    229.04   2.953554695865586e+24 1.1316301516726383e+20 4.048     4.048     4.048     16.582    0.0         0.0      300211784485.2638
 44000       31.48696    0.03728     31.52424    288.38   2.9535546958655874e+24 1.1187707181309043e+20 4.048     4.048     4.048     16.582    0.0         0.0      300211784485.26385
 44500       31.48696    0.03786     31.52482    292.87   2.953554695865591e+24 1.106200260623817e+20 4.048     4.048     4.048     16.582    0.0         0.0      300211784485.2641
 45000       31.48696    0.03591     31.52287    277.78   2.953554695865575e+24 1.0939091466168797e+20 4.048     4.048     4.048     16.582    0.0         0.0      300211784485.26324
 45500       31.48696    0.03455     31.52152    267.31   2.953554695865601e+24 1.0818881669837365e+20 4.048     4.048     4.048     16.582    0.0         0.0      300211784485.2645
 46000       31.48696    0.04633     31.53329    358.43   2.9535546958656255e+24 1.0701285129947919e+20 4.048     4.048     4.048     16.582    0.0         0.0      300211784485.2658
 46500       31.48696    0.03381     31.52077    261.57   2.953554695865664e+24 1.0586217547905606e+20 4.048     4.048     4.048     16.582    0.0         0.0      300211784485.26776
 47000       31.48696    0.03975     31.52671    307.48   2.953554695865639e+24 1.0473598212289498e+20 4.048     4.048     4.048     16.582    0.0         0.0      300211784485.2665
 47500       31.48696    0.03832     31.52528    296.43   2.9535546958656347e+24 1.0363349810054857e+20 4.048     4.048     4.048     16.582    0.0         0.0      300211784485.26624
 48000       31.48696    0.04115     31.52812    318.37   2.953554695865648e+24 1.0255398249533499e+20 4.048     4.048     4.048     16.582    0.0         0.0      300211784485.2669
 48500       31.48696    0.03235     31.51932    250.31   2.9535546958656674e+24 1.0149672494383736e+20 4.048     4.048     4.048     16.582    0.0         0.0      300211784485.26794
 49000       31.48696    0.03755     31.52451    290.49   2.953554695865675e+24 1.004610440770638e+20 4.048     4.048     4.048     16.582    0.0         0.0      300211784485.2683
 49500       31.48696    0.03486     31.52182    269.66   2.9535546958656765e+24 9.944628605608339e+19 4.048     4.048     4.048     16.582    0.0         0.0      300211784485.2684
 50000       31.48696    0.0374      31.52437    289.35   2.9535546958656556e+24 9.845182319552186e+19 4.048     4.048     4.048     16.582    0.0         0.0      300211784485.26733
 50500       31.48696    0.0398      31.52676    307.87   2.9535546958656293e+24 9.747705266883265e+19 4.048     4.048     4.048     16.582    0.0         0.0      300211784485.266

Time averages:
             Epot        Ekin        Etot        Temp     MSD         Self_diff   Pressure    Spec_heat   DebyeT   Lindemann  
             eV/atom     eV/atom     eV/atom     K        Å^2         mm^2/s      GPa         J/(K*Kg)    K        1          
             31.48696    0.03738     31.52434    289.19   2.9535546958655155e+24 1.8773955846035518e+20 0.0         485.46459   0.0      300211784485.2604