Material ID: Si_MTP_06_10000_eq_0_offset_2000_ranfor_10000
Unit cell composition: Si8
Material:  Si
Site positions of initial unit cell:
 Si         
 0.00000    
 0.00000    
 0.00000    
Properties:
 Time        Epot        Ekin        Etot        Temp     MSD         Self_diff   LC_a      LC_b      LC_c      Volume      Pressure    DebyeT   Lindemann 
 fs          eV/atom     eV/atom     eV/atom     K        Å^2         mm^2/s      Å         Å         Å         Å^3/atom    GPa        K        1          
 100         -3.74487    94538794888171.48 94538794888167.73 7.313850205623414e+17 0.19778     0.0033      3.84      3.84      3.84      40.048    0.0         7581889645.88 0.0579     
 200         -3.74487    77676781826780.52 77676781826776.77 6.009346188598871e+17 0.19754     0.00165     3.84      3.84      3.84      40.048    0.0         6876766127.61 0.05787    
 300         -3.74487    63822290736604.234 63822290736600.484 4.937514538655005e+17 0.29996     0.00167     3.84      3.84      3.84      40.048    0.0         5058414423.45 0.07131    
 400         -3.74487    52438896782478.266 52438896782474.52 4.05685556356907e+17 0.19107     0.0008      3.84      3.84      3.84      40.048    0.0         5745014982.07 0.05691    
 500         -3.74487    43085854104692.84 43085854104689.1 3.33327162966085e+17 0.34626     0.00115     3.84      3.84      3.84      40.048    0.0         3868396054.01 0.07661    
 600         -3.74487    35401027246010.07 35401027246006.33 2.738746677581207e+17 0.27079     0.00075     3.84      3.84      3.84      40.048    0.0         3965068411.88 0.06775    
 700         -3.74487    29086872586282.387 29086872586278.64 2.2502616973039158e+17 0.23955     0.00057     3.84      3.84      3.84      40.048    0.0         3821276142.39 0.06372    
 800         -3.74487    23898915415019.176 23898915415015.43 1.848903274354985e+17 0.24742     0.00052     3.84      3.84      3.84      40.048    0.0         3408261702.89 0.06476    
 900         -3.74487    19636286067033.785 19636286067030.04 1.519131432328257e+17 0.26974     0.0005      3.84      3.84      3.84      40.048    0.0         2958805520.32 0.06762    
 1000        -3.74487    16133942707705.672 16133942707701.93 1.248177960485443e+17 0.34746     0.00058     3.84      3.84      3.84      40.048    0.0         2363073330.58 0.07675    
 1100        -3.74487    13256279948813.654 13256279948809.912 1.0255519540323974e+17 0.28366     0.00043     3.84      3.84      3.84      40.048    0.0         2370695687.91 0.06934    
 1200        -3.74487    10891879513651.828 10891879513648.084 8.42633707302683e+16 0.23274     0.00032     3.84      3.84      3.84      40.048    0.0         2372327196.54 0.06281    
 1300        -3.74487    8949195272253.314 8949195272249.57 6.9234089306466664e+16 0.25445     0.00033     3.84      3.84      3.84      40.048    0.0         2056607596.39 0.06568    
 1400        -3.74487    7353009667932.405 7353009667928.66 5.688544193457566e+16 0.21594     0.00026     3.84      3.84      3.84      40.048    0.0         2023628953.04 0.0605     
 1500        -3.74487    6041521060022.708 6041521060018.965 4.673930961294054e+16 0.17699     0.0002      3.84      3.84      3.84      40.048    0.0         2026089431.89 0.05477    
 1600        -3.74487    4963950660195.94 4963950660192.195 3.840284996199063e+16 0.31622     0.00033     3.84      3.84      3.84      40.048    0.0         1373991680.31 0.07321    
 1700        -3.74487    4078576510253.801 4078576510250.056 3.1553287392182396e+16 0.30621     0.0003      3.84      3.84      3.84      40.048    0.0         1265631466.03 0.07205    
 1800        -3.74487    3351118299703.956 3351118299700.2114 2.5925417490618716e+16 0.28639     0.00027     3.84      3.84      3.84      40.048    0.0         1186261787.48 0.06968    
 1900        -3.74487    2753410250353.6865 2753410250349.942 2.1301339994375748e+16 0.30868     0.00027     3.84      3.84      3.84      40.048    0.0         1035728627.36 0.07234    
 2000        -3.74487    2262309703840.457 2262309703836.7124 1.7502015243783906e+16 0.23467     0.0002      3.84      3.84      3.84      40.048    0.0         1076730136.99 0.06307    
 2100        -3.74487    1858802398507.9744 1858802398504.2295 1.43803422929414e+16 0.23372     0.00019     3.84      3.84      3.84      40.048    0.0         977978217.0 0.06294    
 2200        -3.74487    1527264918585.563 1527264918581.8179 1.1815452959868474e+16 0.27946     0.00021     3.84      3.84      3.84      40.048    0.0         810694102.06 0.06883    
 2300        -3.74487    1254860732807.4182 1254860732803.6733 9708039371063108.0 0.20546     0.00015     3.84      3.84      3.84      40.048    0.0         857035454.63 0.05902    
 2400        -3.74487    1031042837862.0344 1031042837858.2896 7976506238125626.0 0.30092     0.00021     3.84      3.84      3.84      40.048    0.0         641907270.81 0.07142    
 2500        -3.74487    847145204856.686 847145204852.9413 6553810145414898.0 0.24339     0.00016     3.84      3.84      3.84      40.048    0.0         646972554.85 0.06423    
 2600        -3.74487    696047708827.076 696047708823.3312 5384867328116921.0 0.17479     0.00011     3.84      3.84      3.84      40.048    0.0         692032197.3 0.05443    
 2700        -3.74487    571900075177.3484 571900075173.6035 4424418025827022.5 0.26112     0.00016     3.84      3.84      3.84      40.048    0.0         513217789.48 0.06653    
 2800        -3.74487    469895549850.54144 469895549846.7966 3635275516216580.0 0.2307      0.00014     3.84      3.84      3.84      40.048    0.0         494926406.05 0.06254    
 2900        -3.74487    386084603742.1355 386084603738.3906 2986884867537862.0 0.29938     0.00017     3.84      3.84      3.84      40.048    0.0         393813733.42 0.07124    
 3000        -3.74487    317222248549.59235 317222248545.8475 2454141720895837.5 0.17746     0.0001      3.84      3.84      3.84      40.048    0.0         463655686.14 0.05485    
 3100        -3.74487    260642243494.33823 260642243490.59335 2016419109668306.2 0.26879     0.00014     3.84      3.84      3.84      40.048    0.0         341487133.07 0.0675     
 3200        -3.74487    214153904721.61276 214153904717.8679 1656769141108647.2 0.23973     0.00012     3.84      3.84      3.84      40.048    0.0         327763748.0 0.06375    
 3300        -3.74487    175957224018.30545 175957224014.56058 1361266325204898.5 0.26168     0.00013     3.84      3.84      3.84      40.048    0.0         284367906.61 0.0666     
 3400        -3.74487    144573369294.03064 144573369290.28577 1118469902212720.4 0.24985     0.00012     3.84      3.84      3.84      40.048    0.0         263796307.7 0.06508    
 3500        -3.74487    118787143474.97026 118787143471.22539 918978684631541.5 0.22679     0.00011     3.84      3.84      3.84      40.048    0.0         250975983.34 0.062      
 3600        -3.74487    97600185050.34692 97600185046.60207 755069000343981.1 0.24463     0.00011     3.84      3.84      3.84      40.048    0.0         219046135.39 0.0644     
 3700        -3.74487    80192132853.63486 80192132849.88998 620394249847076.1 0.2217      0.0001      3.84      3.84      3.84      40.048    0.0         208566965.63 0.0613     
 3800        -3.74487    65889027868.9393 65889027865.19443 509740451628988.75 0.23382     0.0001      3.84      3.84      3.84      40.048    0.0         184088046.58 0.06296    
 3900        -3.74487    54137014967.9681 54137014964.22323 418822789653363.6 0.16427     7e-05       3.84      3.84      3.84      40.048    0.0         199079086.78 0.05277    
 4000        -3.74487    44481093299.80559 44481093296.06072 344121218978899.6 0.30074     0.00013     3.84      3.84      3.84      40.048    0.0         133369556.86 0.0714     
 4100        -3.74487    36547404439.90801 36547404436.16314 282743440715540.2 0.25666     0.0001      3.84      3.84      3.84      40.048    0.0         130862571.46 0.06596    
 4200        -3.74487    30028780590.86238 30028780587.11751 232313097875736.1 0.22637     9e-05       3.84      3.84      3.84      40.048    0.0         126304841.22 0.06195    
 4300        -3.74487    24672824617.52893 24672824613.78406 190877558377679.72 0.18647     7e-05       3.84      3.84      3.84      40.048    0.0         126143993.61 0.05622    
 4400        -3.74487    20272162898.72146 20272162894.9766 156832507713504.1 0.2327      9e-05       3.84      3.84      3.84      40.048    0.0         102355521.41 0.06281    
 4500        -3.74487    16656401958.4388 16656401954.69393 128859722649073.1 0.31433     0.00012     3.84      3.84      3.84      40.048    0.0         79828285.19 0.073      
 4600        -3.74487    13685562264.71388 13685562260.96901 105876272806575.9 0.21979     8e-05       3.84      3.84      3.84      40.048    0.0         86533902.1 0.06104    
 4700        -3.74487    11244592632.42224 11244592628.67737 86992082175444.39 0.18305     6e-05       3.84      3.84      3.84      40.048    0.0         85951180.96 0.0557     
 4800        -3.74487    9239002249.39682 9239002245.65195 71476136946146.64 0.28197     0.0001      3.84      3.84      3.84      40.048    0.0         62772910.9 0.06914    
 4900        -3.74487    7591127332.17256 7591127328.42769 58727603059673.03 0.29094     0.0001      3.84      3.84      3.84      40.048    0.0         56015815.99 0.07023    
 5000        -3.74487    6237165283.82488 6237165280.08001 48252881420342.12 0.30796     0.0001      3.84      3.84      3.84      40.048    0.0         49352445.4 0.07225    
 5100        -3.74487    5124697487.63065 5124697483.88578 39646443365394.34 0.24337     8e-05       3.84      3.84      3.84      40.048    0.0         50323062.81 0.06423    
 5200        -3.74487    4210653302.72897 4210653298.9841 32575079426812.48 0.24347     8e-05       3.84      3.84      3.84      40.048    0.0         45605490.26 0.06424    
 5300        -3.74487    3459637521.09014 3459637517.34527 26764959956321.04 0.28593     9e-05       3.84      3.84      3.84      40.048    0.0         38145568.02 0.06962    
 5400        -3.74487    2842571446.70582 2842571442.96095 21991122041042.44 0.21588     7e-05       3.84      3.84      3.84      40.048    0.0         39793648.87 0.06049    
 5500        -3.74487    2335566418.86664 2335566415.12177 18068754687513.13 0.33053     0.0001      3.84      3.84      3.84      40.048    0.0         29150984.84 0.07485    
 5600        -3.74487    1918994501.13657 1918994497.3917 14846009348151.69 0.25572     8e-05       3.84      3.84      3.84      40.048    0.0         30041033.35 0.06584    
 5700        -3.74487    1576718778.29134 1576718774.54647 12198045230486.91 0.27201     8e-05       3.84      3.84      3.84      40.048    0.0         26402601.97 0.0679     
 5800        -3.74487    1295494602.39617 1295494598.6513 10022397128424.52 0.25085     7e-05       3.84      3.84      3.84      40.048    0.0         24921658.29 0.06521    
 5900        -3.74487    1064431733.15318 1064431729.40831 8234814352777.98 0.30251     9e-05       3.84      3.84      3.84      40.048    0.0         20570642.58 0.07161    
 6000        -3.74487    874577738.41828 874577734.67341 6766037772673.67 0.33897     9e-05       3.84      3.84      3.84      40.048    0.0         17614930.71 0.0758     
 6100        -3.74487    718587308.7929 718587305.04803 5559241518140.92 0.25415     7e-05       3.84      3.84      3.84      40.048    0.0         18439824.68 0.06564    
 6200        -3.74487    590420317.99048 590420314.24561 4567697070019.7 0.30797     8e-05       3.84      3.84      3.84      40.048    0.0         15183998.72 0.07225    
 6300        -3.74487    485111795.6904 485111791.94553 3752993689899.99 0.18786     5e-05       3.84      3.84      3.84      40.048    0.0         17622517.25 0.05643    
 6400        -3.74487    398587212.68624 398587208.94137 3083609401740.82 0.21632     6e-05       3.84      3.84      3.84      40.048    0.0         14885780.24 0.06056    
 6500        -3.74487    327493234.86924 327493231.12437 2533601645781.48 0.29181     7e-05       3.84      3.84      3.84      40.048    0.0         11617466.77 0.07033    
 6600        -3.74487    269082108.33623 269082104.59136 2081712841498.01 0.23597     6e-05       3.84      3.84      3.84      40.048    0.0         11710543.69 0.06325    
 6700        -3.74487    221088606.24728 221088602.50241 1710418405666.6 0.26319     7e-05       3.84      3.84      3.84      40.048    0.0         10050951.55 0.06679    
 6800        -3.74487    181654530.04002 181654526.29515 1405342667480.82 0.18007     4e-05       3.84      3.84      3.84      40.048    0.0         11014582.57 0.05525    
 6900        -3.74487    149254910.53901 149254906.79414 1154687934648.74 0.23105     6e-05       3.84      3.84      3.84      40.048    0.0         8814008.2 0.06258    
 7000        -3.74487    122634217.68074 122634213.93587 948740989624.14 0.23042     5e-05       3.84      3.84      3.84      40.048    0.0         8000351.96 0.0625     
 7100        -3.74487    100761271.03954 100761267.29467 779524261741.58 0.23336     5e-05       3.84      3.84      3.84      40.048    0.0         7206059.95 0.0629     
 7200        -3.74487    82789588.9968 82789585.25193 640489074589.96 0.30081     7e-05       3.84      3.84      3.84      40.048    0.0         5753142.46 0.07141    
 7300        -3.74487    68022996.21995 68022992.47508 526249573499.31 0.33501     8e-05       3.84      3.84      3.84      40.048    0.0         4941509.6 0.07536    
 7400        -3.74487    55890420.67535 55890416.93048 432387746461.44 0.31527     7e-05       3.84      3.84      3.84      40.048    0.0         4617282.74 0.07311    
 7500        -3.74487    45921509.23334 45921505.48847 355264777963.44 0.32164     7e-05       3.84      3.84      3.84      40.048    0.0         4143657.37 0.07384    
 7600        -3.74487    37730962.09385 37730958.34898 291899854652.13 0.3008      7e-05       3.84      3.84      3.84      40.048    0.0         3883951.95 0.07141    
 7700        -3.74487    31001183.62967 31001179.8848 239835946219.37 0.2695      6e-05       3.84      3.84      3.84      40.048    0.0         3719394.58 0.06759    
 7800        -3.74487    25471558.34237 25471554.5975 197056840464.57 0.21939     5e-05       3.84      3.84      3.84      40.048    0.0         3736618.59 0.06098    
 7900        -3.74487    20928307.16604 20928303.42117 161908668130.14 0.26582     6e-05       3.84      3.84      3.84      40.048    0.0         3077039.4 0.06713    
 8000        -3.74487    17195601.16366 17195597.41879 133031155363.69 0.30408     6e-05       3.84      3.84      3.84      40.048    0.0         2607830.27 0.0718     

Time averages:
             Epot        Ekin        Etot        Temp     MSD         Self_diff   Pressure    Spec_heat   DebyeT   Lindemann  
             eV/atom     eV/atom     eV/atom     K        Å^2         mm^2/s      GPa         J/(K*Kg)    K        1          
             -3.74487    6625530260763.131 6625530260759.389 5.125740804858678e+16 0.25682     0.00021     0.0         -124.90276  909239384.87 0.06572    