Material ID: Si_MTP_06_10_eq_0_ranfor_10000
Unit cell composition: Si8
Material:  Si
Site positions of initial unit cell:
 Si         
 0.00000    
 0.00000    
 0.00000    
Properties:
 Time        Epot        Ekin        Etot        Temp     MSD         Self_diff   LC_a      LC_b      LC_c      Volume      Pressure    DebyeT   Lindemann 
 fs          eV/atom     eV/atom     eV/atom     K        Å^2         mm^2/s      Å         Å         Å         Å^3/atom    GPa        K        1          
 500         32.0884     0.05        32.1384     386.78   nan         nan         3.84      3.84      3.84      40.048    0.0         nan      nan        
 1000        40.80846    0.04688     40.85534    362.67   inf         inf         3.84      3.84      3.84      40.048    0.0         0.0      inf        
 1500        40.80846    0.01919     40.82765    148.47   inf         inf         3.84      3.84      3.84      40.048    0.0         0.0      inf        
 2000        40.80846    0.04006     40.84852    309.96   inf         inf         3.84      3.84      3.84      40.048    0.0         0.0      inf        
 2500        40.80846    0.03441     40.84287    266.23   inf         inf         3.84      3.84      3.84      40.048    0.0         0.0      inf        
 3000        40.80846    0.02486     40.83331    192.29   inf         inf         3.84      3.84      3.84      40.048    0.0         0.0      inf        
 3500        40.80846    0.03127     40.83973    241.9    inf         inf         3.84      3.84      3.84      40.048    0.0         0.0      inf        
 4000        40.80846    0.03933     40.84779    304.28   inf         inf         3.84      3.84      3.84      40.048    0.0         0.0      inf        
 4500        40.80846    0.02924     40.8377     226.24   inf         inf         3.84      3.84      3.84      40.048    0.0         0.0      inf        
 5000        40.80846    0.01817     40.82663    140.6    inf         inf         3.84      3.84      3.84      40.048    0.0         0.0      inf        
 5500        40.80846    0.02314     40.8316     179.06   inf         inf         3.84      3.84      3.84      40.048    0.0         0.0      inf        
 6000        40.80846    0.01487     40.82333    115.04   inf         inf         3.84      3.84      3.84      40.048    0.0         0.0      inf        
 6500        40.80846    0.03082     40.83927    238.4    inf         inf         3.84      3.84      3.84      40.048    0.0         0.0      inf        
 7000        40.80846    0.0366      40.84506    283.16   inf         inf         3.84      3.84      3.84      40.048    0.0         0.0      inf        
 7500        40.80846    0.04085     40.84931    316.03   inf         inf         3.84      3.84      3.84      40.048    0.0         0.0      inf        
 8000        40.80846    0.03104     40.8395     240.15   inf         inf         3.84      3.84      3.84      40.048    0.0         0.0      inf        
 8500        40.80846    0.03195     40.8404     247.15   inf         inf         3.84      3.84      3.84      40.048    0.0         0.0      inf        
 9000        40.80846    0.03086     40.83932    238.74   inf         inf         3.84      3.84      3.84      40.048    0.0         0.0      inf        
 9500        40.80846    0.02376     40.83222    183.82   inf         inf         3.84      3.84      3.84      40.048    0.0         0.0      inf        
 10000       40.80846    0.02732     40.83578    211.36   inf         inf         3.84      3.84      3.84      40.048    0.0         0.0      inf        
 10500       40.80846    0.03184     40.8403     246.34   inf         inf         3.84      3.84      3.84      40.048    0.0         0.0      inf        
 11000       40.80846    0.02059     40.82905    159.29   inf         inf         3.84      3.84      3.84      40.048    0.0         0.0      inf        
 11500       40.80846    0.03568     40.84414    276.02   inf         inf         3.84      3.84      3.84      40.048    0.0         0.0      inf        
 12000       40.80846    0.03782     40.84627    292.56   inf         inf         3.84      3.84      3.84      40.048    0.0         0.0      inf        
 12500       40.80846    0.03735     40.84581    288.95   inf         inf         3.84      3.84      3.84      40.048    0.0         0.0      inf        
 13000       40.80846    0.03908     40.84753    302.31   inf         inf         3.84      3.84      3.84      40.048    0.0         0.0      inf        
 13500       40.80846    0.03932     40.84778    304.21   inf         inf         3.84      3.84      3.84      40.048    0.0         0.0      inf        
 14000       40.80846    0.03427     40.84272    265.09   inf         inf         3.84      3.84      3.84      40.048    0.0         0.0      inf        
 14500       40.80846    0.03705     40.8455     286.6    inf         inf         3.84      3.84      3.84      40.048    0.0         0.0      inf        
 15000       40.80846    0.03448     40.84294    266.74   inf         inf         3.84      3.84      3.84      40.048    0.0         0.0      inf        
 15500       40.80846    0.03431     40.84277    265.47   inf         inf         3.84      3.84      3.84      40.048    0.0         0.0      inf        
 16000       40.80846    0.02464     40.8331     190.61   inf         inf         3.84      3.84      3.84      40.048    0.0         0.0      inf        
 16500       40.80846    0.04294     40.8514     332.22   inf         inf         3.84      3.84      3.84      40.048    0.0         0.0      inf        
 17000       40.80846    0.03172     40.84017    245.38   inf         inf         3.84      3.84      3.84      40.048    0.0         0.0      inf        
 17500       40.80846    0.03375     40.84221    261.11   inf         inf         3.84      3.84      3.84      40.048    0.0         0.0      inf        
 18000       40.80846    0.04812     40.85658    372.31   inf         inf         3.84      3.84      3.84      40.048    0.0         0.0      inf        
 18500       40.80846    0.03334     40.8418     257.91   inf         inf         3.84      3.84      3.84      40.048    0.0         0.0      inf        
 19000       40.80846    0.03074     40.83919    237.78   inf         inf         3.84      3.84      3.84      40.048    0.0         0.0      inf        
 19500       40.80846    0.02491     40.83337    192.69   inf         inf         3.84      3.84      3.84      40.048    0.0         0.0      inf        
 20000       40.80846    0.02094     40.82939    161.98   inf         inf         3.84      3.84      3.84      40.048    0.0         0.0      inf        
 20500       40.80846    0.03264     40.8411     252.5    inf         inf         3.84      3.84      3.84      40.048    0.0         0.0      inf        
 21000       40.80846    0.05008     40.85854    387.46   inf         inf         3.84      3.84      3.84      40.048    0.0         0.0      inf        
 21500       40.80846    0.02281     40.83127    176.45   inf         inf         3.84      3.84      3.84      40.048    0.0         0.0      inf        
 22000       40.80846    0.02977     40.83823    230.33   inf         inf         3.84      3.84      3.84      40.048    0.0         0.0      inf        
 22500       40.80846    0.03808     40.84654    294.58   inf         inf         3.84      3.84      3.84      40.048    0.0         0.0      inf        
 23000       40.80846    0.04129     40.84974    319.4    inf         inf         3.84      3.84      3.84      40.048    0.0         0.0      inf        
 23500       40.80846    0.02033     40.82878    157.26   inf         inf         3.84      3.84      3.84      40.048    0.0         0.0      inf        
 24000       40.80846    0.03545     40.8439     274.22   inf         inf         3.84      3.84      3.84      40.048    0.0         0.0      inf        
 24500       40.80846    0.03596     40.84442    278.21   inf         inf         3.84      3.84      3.84      40.048    0.0         0.0      inf        
 25000       40.80846    0.03481     40.84327    269.29   inf         inf         3.84      3.84      3.84      40.048    0.0         0.0      inf        
 25500       40.80846    0.02149     40.82994    166.22   inf         inf         3.84      3.84      3.84      40.048    0.0         0.0      inf        
 26000       40.80846    0.02694     40.83539    208.39   inf         inf         3.84      3.84      3.84      40.048    0.0         0.0      inf        
 26500       40.80846    0.01379     40.82225    106.67   inf         inf         3.84      3.84      3.84      40.048    0.0         0.0      inf        
 27000       40.80846    0.04276     40.85121    330.78   inf         inf         3.84      3.84      3.84      40.048    0.0         0.0      inf        
 27500       40.80846    0.01715     40.82561    132.7    inf         inf         3.84      3.84      3.84      40.048    0.0         0.0      inf        
 28000       40.80846    0.02633     40.83479    203.68   inf         inf         3.84      3.84      3.84      40.048    0.0         0.0      inf        
 28500       40.80846    0.04123     40.84969    318.97   inf         inf         3.84      3.84      3.84      40.048    0.0         0.0      inf        
 29000       40.80846    0.02665     40.83511    206.21   inf         inf         3.84      3.84      3.84      40.048    0.0         0.0      inf        
 29500       40.80846    0.02245     40.83091    173.67   inf         inf         3.84      3.84      3.84      40.048    0.0         0.0      inf        
 30000       40.80846    0.04395     40.8524     339.97   inf         inf         3.84      3.84      3.84      40.048    0.0         0.0      inf        
 30500       40.80846    0.0415      40.84996    321.09   inf         inf         3.84      3.84      3.84      40.048    0.0         0.0      inf        
 31000       40.80846    0.02865     40.83711    221.64   inf         inf         3.84      3.84      3.84      40.048    0.0         0.0      inf        
 31500       40.80846    0.01788     40.82634    138.31   inf         inf         3.84      3.84      3.84      40.048    0.0         0.0      inf        
 32000       40.80846    0.02254     40.831      174.41   inf         inf         3.84      3.84      3.84      40.048    0.0         0.0      inf        
 32500       40.80846    0.03278     40.84123    253.57   inf         inf         3.84      3.84      3.84      40.048    0.0         0.0      inf        
 33000       40.80846    0.04193     40.85039    324.4    inf         inf         3.84      3.84      3.84      40.048    0.0         0.0      inf        
 33500       40.80846    0.03825     40.84671    295.94   inf         inf         3.84      3.84      3.84      40.048    0.0         0.0      inf        
 34000       40.80846    0.02797     40.83643    216.4    inf         inf         3.84      3.84      3.84      40.048    0.0         0.0      inf        
 34500       40.80846    0.03974     40.84819    307.4    inf         inf         3.84      3.84      3.84      40.048    0.0         0.0      inf        
 35000       40.80846    0.04348     40.85194    336.38   inf         inf         3.84      3.84      3.84      40.048    0.0         0.0      inf        
 35500       40.80846    0.04561     40.85407    352.85   inf         inf         3.84      3.84      3.84      40.048    0.0         0.0      inf        
 36000       40.80846    0.03618     40.84464    279.93   inf         inf         3.84      3.84      3.84      40.048    0.0         0.0      inf        
 36500       40.80846    0.03541     40.84387    273.95   inf         inf         3.84      3.84      3.84      40.048    0.0         0.0      inf        
 37000       40.80846    0.03217     40.84063    248.86   inf         inf         3.84      3.84      3.84      40.048    0.0         0.0      inf        
 37500       40.80846    0.02098     40.82943    162.27   inf         inf         3.84      3.84      3.84      40.048    0.0         0.0      inf        
 38000       40.80846    0.03989     40.84834    308.57   inf         inf         3.84      3.84      3.84      40.048    0.0         0.0      inf        
 38500       40.80846    0.02654     40.835      205.34   inf         inf         3.84      3.84      3.84      40.048    0.0         0.0      inf        
 39000       40.80846    0.02099     40.82945    162.4    inf         inf         3.84      3.84      3.84      40.048    0.0         0.0      inf        
 39500       40.80846    0.01335     40.82181    103.26   inf         inf         3.84      3.84      3.84      40.048    0.0         0.0      inf        
 40000       40.80846    0.03844     40.8469     297.39   inf         inf         3.84      3.84      3.84      40.048    0.0         0.0      inf        
 40500       40.80846    0.03585     40.84431    277.36   inf         inf         3.84      3.84      3.84      40.048    0.0         0.0      inf        
 41000       40.80846    0.04463     40.85309    345.26   inf         inf         3.84      3.84      3.84      40.048    0.0         0.0      inf        
 41500       40.80846    0.03608     40.84454    279.16   inf         inf         3.84      3.84      3.84      40.048    0.0         0.0      inf        
 42000       40.80846    0.01517     40.82363    117.39   inf         inf         3.84      3.84      3.84      40.048    0.0         0.0      inf        
 42500       40.80846    0.03812     40.84658    294.9    inf         inf         3.84      3.84      3.84      40.048    0.0         0.0      inf        
 43000       40.80846    0.02701     40.83547    208.94   inf         inf         3.84      3.84      3.84      40.048    0.0         0.0      inf        
 43500       40.80846    0.03416     40.84262    264.3    inf         inf         3.84      3.84      3.84      40.048    0.0         0.0      inf        
 44000       40.80846    0.04448     40.85293    344.09   inf         inf         3.84      3.84      3.84      40.048    0.0         0.0      inf        
 44500       40.80846    0.02757     40.83603    213.3    inf         inf         3.84      3.84      3.84      40.048    0.0         0.0      inf        
 45000       40.80846    0.03604     40.8445     278.85   inf         inf         3.84      3.84      3.84      40.048    0.0         0.0      inf        
 45500       40.80846    0.04336     40.85182    335.48   inf         inf         3.84      3.84      3.84      40.048    0.0         0.0      inf        
 46000       40.80846    0.033       40.84146    255.3    inf         inf         3.84      3.84      3.84      40.048    0.0         0.0      inf        
 46500       40.80846    0.03221     40.84067    249.22   inf         inf         3.84      3.84      3.84      40.048    0.0         0.0      inf        
 47000       40.80846    0.03787     40.84632    292.95   inf         inf         3.84      3.84      3.84      40.048    0.0         0.0      inf        
 47500       40.80846    0.03116     40.83962    241.04   inf         inf         3.84      3.84      3.84      40.048    0.0         0.0      inf        
 48000       40.80846    0.01617     40.82463    125.13   inf         inf         3.84      3.84      3.84      40.048    0.0         0.0      inf        
 48500       40.80846    0.05629     40.86475    435.51   inf         inf         3.84      3.84      3.84      40.048    0.0         0.0      inf        
 49000       40.80846    0.02843     40.83689    219.97   inf         inf         3.84      3.84      3.84      40.048    0.0         0.0      inf        
 49500       40.80846    0.0322      40.84066    249.09   inf         inf         3.84      3.84      3.84      40.048    0.0         0.0      inf        
 50000       40.80846    0.02646     40.83491    204.67   inf         inf         3.84      3.84      3.84      40.048    0.0         0.0      inf        
 50500       40.80846    0.03655     40.845      282.74   inf         inf         3.84      3.84      3.84      40.048    0.0         0.0      inf        

Time averages:
             Epot        Ekin        Etot        Temp     MSD         Self_diff   Pressure    Spec_heat   DebyeT   Lindemann  
             eV/atom     eV/atom     eV/atom     K        Å^2         mm^2/s      GPa         J/(K*Kg)    K        1          
             40.80846    0.03278     40.84123    253.56   inf         inf         0.0         466.85083   0.0      inf        