Material ID: Al_MTP_10_10_eq_0_offset_2000_ranfor_10000
Unit cell composition: Al32
Material:  Al
Site positions of initial unit cell:
 Al          Al          Al          Al         
 0.00000     0.00000     2.02395     2.02395    
 0.00000     2.02395     0.00000     2.02395    
 0.00000     2.02395     2.02395     0.00000    
Properties:
 Time        Epot        Ekin        Etot        Temp     MSD         Self_diff   LC_a      LC_b      LC_c      Volume      Pressure    DebyeT   Lindemann 
 fs          eV/atom     eV/atom     eV/atom     K        Å^2         mm^2/s      Å         Å         Å         Å^3/atom    GPa        K        1          
 100         31.48696    4500034413735.305 4500034413766.792 3.4813832417836708e+16 542161731608.7536 9036028860.14589 4.048     4.048     4.048     16.582    0.0         1019.32  128623.30271
 200         31.48696    3697404764243.623 3697404764275.11 2.8604410101931276e+16 1970501895060.3242 16420849125.5027 4.048     4.048     4.048     16.582    0.0         484.65   245213.0931
 300         31.48696    3037932749537.634 3037932749569.1206 2.3502505073349444e+16 4035005982618.0723 22416699903.43373 4.048     4.048     4.048     16.582    0.0         307.0    350895.11206
 400         31.48696    2496084715752.993 2496084715784.48 1.931058009905693e+16 6538855301105.353 27245230421.27231 4.048     4.048     4.048     16.582    0.0         218.6    446689.85649
 500         31.48696    2050881107607.4634 2050881107638.9504 1.5866330037660312e+16 9328134038061.885 31093780126.87295 4.048     4.048     4.048     16.582    0.0         165.9    533522.34841
 600         31.48696    1685084371237.781 1685084371269.268 1.3036399173110528e+16 12283447513641.303 34120687537.89251 4.048     4.048     4.048     16.582    0.0         131.04   612231.06798
 700         31.48696    1384531401685.7004 1384531401717.1875 1.071121679611976e+16 15313103626887.764 36459770540.20896 4.048     4.048     4.048     16.582    0.0         106.39   683576.04938
 800         31.48696    1137585307326.9766 1137585307358.4636 8800755862975974.0 18347572377565.71 38224109119.92856 4.048     4.048     4.048     16.582    0.0         88.1     748246.22058
 900         31.48696    934684735715.9321 934684735747.4191 7231046423423748.0 21334989668137.77 39509240126.18106 4.048     4.048     4.048     16.582    0.0         74.05    806866.05597
 1000        31.48696    767973637255.0627 767973637286.5498 5941311343555185.0 24237513837477.152 40395856395.79524 4.048     4.048     4.048     16.582    0.0         62.98    860001.60568
 1100        31.48696    630997265300.109 630997265331.596 4881614456818549.0 27028378186471.28 40952088161.32012 4.048     4.048     4.048     16.582    0.0         54.06    908165.96213
 1200        31.48696    518452087982.38135 518452088013.86835 4010925794835006.0 29689510904111.27 41235431811.26565 4.048     4.048     4.048     16.582    0.0         46.75    951824.21363
 1300        31.48696    425980561468.64685 425980561500.1338 3295533881909947.0 32209617515810.39 41294381430.52614 4.048     4.048     4.048     16.582    0.0         40.69    991397.93717
 1400        31.48696    350002338222.2816 350002338253.76855 2707739903394935.0 34582639555705.535 41169808994.88754 4.048     4.048     4.048     16.582    0.0         35.59    1027269.26874
 1500        31.48696    287575648255.6556 287575648287.1425 2224785302811251.0 36806519218613.79 40896132465.12644 4.048     4.048     4.048     16.582    0.0         31.27    1059784.59232
 1600        31.48696    236283430499.37448 236283430530.86145 1827970854491479.8 38882212596988.4 40502304788.52958 4.048     4.048     4.048     16.582    0.0         27.58    1089257.88483
 1700        31.48696    194139729582.51352 194139729614.0005 1501932516493709.8 40812904579960.195 40012651548.98058 4.048     4.048     4.048     16.582    0.0         24.4     1115973.74942
 1800        31.48696    159512802012.88058 159512802044.36755 1234046553249900.8 42603386735918.46 39447580311.03562 4.048     4.048     4.048     16.582    0.0         21.65    1140190.16178
 1900        31.48696    131061978930.05206 131061978961.53905 1013941083849067.6 44259567381262.445 38824181913.3881 4.048     4.048     4.048     16.582    0.0         19.25    1162140.96288
 2000        31.48696    107685654876.3324 107685654907.81937 833093705067419.2 45788087944243.11 38156739953.53592 4.048     4.048     4.048     16.582    0.0         17.16    1182038.11655
 2100        31.48696    88478749777.24022 88478749808.72719 684502402444456.6 47196024952189.63 37457162660.46796 4.048     4.048     4.048     16.582    0.0         15.32    1200073.75519
 2200        31.48696    72697612043.35104 72697612074.83801 562414028463694.2 48490660973106.336 36735349222.05026 4.048     4.048     4.048     16.582    0.0         13.7     1216422.03632
 2300        31.48696    59731211769.8118 59731211801.29876 462101443118176.94 49679310542015.19 35999500392.76464 4.048     4.048     4.048     16.582    0.0         12.27    1231240.8246
 2400        31.48696    49077498077.1908 49077498108.67776 379680606070699.1 50769189733351.805 35256381759.27208 4.048     4.048     4.048     16.582    0.0         11.0     1244673.21336
 2500        31.48696    40324002523.21971 40324002554.70668 311960517896246.06 51767321115988.18 34511547410.65879 4.048     4.048     4.048     16.582    0.0         9.87     1256848.90994
 2600        31.48696    33131777648.21991 33131777679.70688 256318963079379.38 52680465901619.42 33769529424.11502 4.048     4.048     4.048     16.582    0.0         8.87     1267885.48702
 2700        31.48696    27222368516.37688 27222368547.86385 210601717323107.62 53515077727425.28 33033998597.1761 4.048     4.048     4.048     16.582    0.0         7.98     1277889.51667
 2800        31.48696    22366967397.8766 22366967429.36357 173038644395286.16 54277273617271.32 32307900962.6615 4.048     4.048     4.048     16.582    0.0         7.18     1286957.60148
 2900        31.48696    18377578536.88117 18377578568.36814 142175343698659.78 54972817660747.36 31593573368.2456 4.048     4.048     4.048     16.582    0.0         6.47     1295177.30515
 3000        31.48696    15099738810.0029 15099738841.48986 116816834751314.62 55607115029003.266 30892841682.7796 4.048     4.048     4.048     16.582    0.0         5.83     1302627.99979
 3100        31.48696    12406537209.47464 12406537240.96161 95981289827023.0 56185213215744.3 30207103879.43242 4.048     4.048     4.048     16.582    0.0         5.26     1309381.63015
 3200        31.48696    10193695656.52444 10193695688.0114 78861977415434.52 56711809416848.96 29537400737.94216 4.048     4.048     4.048     16.582    0.0         4.74     1315503.41254
 3300        31.48696    8375541307.28927 8375541338.77624 64796102578825.52 57191261249753.38 28884475378.66332 4.048     4.048     4.048     16.582    0.0         4.28     1321052.46025
 3400        31.48696    6881673777.81713 6881673809.3041 53239023444774.71 57627600875363.46 28248823958.5115 4.048     4.048     4.048     16.582    0.0         3.87     1326082.35675
 3500        31.48696    5654251179.01918 5654251210.50614 43743255027984.3 58024550666937.04 27630738412.82716 4.048     4.048     4.048     16.582    0.0         3.49     1330641.67164
 3600        31.48696    4645755368.03517 4645755399.52213 35941180437060.34 58385540312881.77 27030342737.44526 4.048     4.048     4.048     16.582    0.0         3.16     1334774.43162
 3700        31.48696    3817136397.06965 3817136428.55661 29530695684902.88 58713724187039.27 26447623507.67534 4.048     4.048     4.048     16.582    0.0         2.85     1338520.54406
 3800        31.48696    3136308074.96446 3136308106.45142 24263570829425.9 59011998947737.53 25882455678.83225 4.048     4.048     4.048     16.582    0.0         2.58     1341916.18218
 3900        31.48696    2576911744.37314 2576911775.8601 19935886123523.03 59283020981799.375 25334624351.19631 4.048     4.048     4.048     16.582    0.0         2.33     1344994.13447
 4000        31.48696    2117291278.95149 2117291310.43846 16380102236591.5 59529223499915.7 24803843124.96488 4.048     4.048     4.048     16.582    0.0         2.11     1347784.12258
 4100        31.48696    1739649633.18892 1739649664.67589 13458535030472.92 59752832931127.305 24289769484.1981 4.048     4.048     4.048     16.582    0.0         1.91     1350313.08851
 4200        31.48696    1429364843.57243 1429364875.0594 11058063906398.63 59955884339496.33 23792017595.03822 4.048     4.048     4.048     16.582    0.0         1.73     1352605.45211
 4300        31.48696    1174420577.44593 1174420608.9329 9085726332773.49 60140236455247.35 23310169168.70052 4.048     4.048     4.048     16.582    0.0         1.56     1354683.349
 4400        31.48696    964949914.11708 964949945.60404 7465188377035.78 60307585632070.93 22843782436.3905 4.048     4.048     4.048     16.582    0.0         1.42     1356566.84386
 4500        31.48696    792841633.97237 792841665.45933 6133698821224.5 60459479067102.03 22392399654.48224 4.048     4.048     4.048     16.582    0.0         1.28     1358274.12508
 4600        31.48696    651430099.2872 651430130.77417 5039689971991.71 60597326980665.83 21955553253.86443 4.048     4.048     4.048     16.582    0.0         1.16     1359821.67936
 4700        31.48696    535240129.61423 535240161.10119 4140803927813.47 60722413889123.98 21532770882.66808 4.048     4.048     4.048     16.582    0.0         1.05     1361224.44916
 4800        31.48696    439774175.09549 439774206.58245 3402246077660.17 60835909476395.09 21123579679.30385 4.048     4.048     4.048     16.582    0.0         0.95     1362495.98002
 4900        31.48696    361335973.08068 361336004.56764 2795420847220.79 60938878333130.28 20727509637.11914 4.048     4.048     4.048     16.582    0.0         0.86     1363648.55043
 5000        31.48696    296887729.07166 296887760.55863 2296826800982.98 61032289027351.0 20344096342.45033 4.048     4.048     4.048     16.582    0.0         0.78     1364693.29055
 5100        31.48696    243934543.67425 243934575.16121 1887162528907.79 61117022296256.19 19972883103.3517 4.048     4.048     4.048     16.582    0.0         0.71     1365640.28777
 5200        31.48696    200426512.20605 200426543.69301 1550569254922.87 61193878999762.45 19613422756.33412 4.048     4.048     4.048     16.582    0.0         0.64     1366498.6872
 5300        31.48696    164678563.55221 164678595.03917 1274010682411.14 61263587013057.62 19265278934.92378 4.048     4.048     4.048     16.582    0.0         0.58     1367276.77807
 5400        31.48696    135306193.86913 135306225.35609 1046775807775.47 61326807668853.35 18928027058.28807 4.048     4.048     4.048     16.582    0.0         0.53     1367982.07342
 5500        31.48696    111173061.63048 111173093.11744 860073497475.47 61384141794936.22 18601255089.37461 4.048     4.048     4.048     16.582    0.0         0.48     1368621.38383
 5600        31.48696    91344321.05815 91344352.54512 706671459207.78 61436135134278.984 18284564028.05922 4.048     4.048     4.048     16.582    0.0         0.43     1369200.88313
 5700        31.48696    75052319.09032 75052350.57729 580630861711.93 61483283199304.625 17977568186.93118 4.048     4.048     4.048     16.582    0.0         0.39     1369726.16675
 5800        31.48696    61665792.72225 61665824.20922 477068034678.33 61526035866008.875 17679895363.79566 4.048     4.048     4.048     16.582    0.0         0.35     1370202.3065
 5900        31.48696    50667152.14659 50667183.63356 391978723215.23 61564801575489.445 17391186885.73148 4.048     4.048     4.048     16.582    0.0         0.32     1370633.90021
 6000        31.48696    41630138.39107 41630169.87804 322065239557.83 61599951030857.68 17111097508.57158 4.048     4.048     4.048     16.582    0.0         0.29     1371025.11532
 6100        31.48696    34205160.00017 34205191.48713 264623022534.36 61631820747381.43 16839295286.16979 4.048     4.048     4.048     16.582    0.0         0.26     1371379.73031
 6200        31.48696    28104241.05092 28104272.53789 217424190177.51 61660716013404.055 16575461293.92582 4.048     4.048     4.048     16.582    0.0         0.24     1371701.16928
 6300        31.48696    23091431.11708 23091462.60405 178643347869.63 61686913705971.87 16319289340.2042 4.048     4.048     4.048     16.582    0.0         0.22     1371992.53461
 6400        31.48696    18972929.43736 18972960.92433 146781185470.87 61710665254227.72 16070485743.28847 4.048     4.048     4.048     16.582    0.0         0.2      1372256.64095
 6500        31.48696    15588880.22294 15588911.7099 120601002962.7 61732198620157.42 15828768876.96344 4.048     4.048     4.048     16.582    0.0         0.18     1372496.0382
 6600        31.48696    12808437.36814 12808468.8551 99090529331.9 61751720655819.58 15593868852.4797 4.048     4.048     4.048     16.582    0.0         0.16     1372713.0384
 6700        31.48696    10523916.31232 10523947.79928 81416679338.75 61769418947651.53 15365527101.40585 4.048     4.048     4.048     16.582    0.0         0.15     1372909.73685
 6800        31.48696    8646885.29709 8646916.78405 66895314122.54 61785463642842.27 15143495990.89271 4.048     4.048     4.048     16.582    0.0         0.13     1373088.03291
 6900        31.48696    7104663.98187 7104695.46884 54964153272.92 61800009077569.76 14927538424.53376 4.048     4.048     4.048     16.582    0.0         0.12     1373249.64849
 7000        31.48696    5837525.69998 5837557.18694 45161130509.03 61813195221352.63 14717427433.65539 4.048     4.048     4.048     16.582    0.0         0.11     1373396.14444
 7100        31.48696    4796323.16748 4796354.65445 37106025337.25 61825148933912.26 14512945759.13433 4.048     4.048     4.048     16.582    0.0         0.1      1373528.93477
 7200        31.48696    3940831.99762 3940863.48459 30487647901.84 61835985264514.14 14313885477.89679 4.048     4.048     4.048     16.582    0.0         0.09     1373649.30133
 7300        31.48696    3237933.22635 3237964.71332 25049778370.22 61845808583864.99 14120047621.88698 4.048     4.048     4.048     16.582    0.0         0.08     1373758.40657
 7400        31.48696    2660412.87168 2660444.35864 20581879906.12 61854713567530.23 13931241794.48879 4.048     4.048     4.048     16.582    0.0         0.07     1373857.30459
 7500        31.48696    2185879.24703 2185910.73399 16910722629.0 61862785940038.53 13747285764.45301 4.048     4.048     4.048     16.582    0.0         0.07     1373946.94954
 7600        31.48696    1796010.07482 1796041.56179 13894559022.65 61870103542251.31 13568005162.77441 4.048     4.048     4.048     16.582    0.0         0.06     1374028.2076
 7700        31.48696    1475650.79533 1475682.28229 11416148138.54 61876736885084.84 13393233092.00971 4.048     4.048     4.048     16.582    0.0         0.05     1374101.86318
 7800        31.48696    1212462.89651 1212494.38347 9380034953.31 61882749919275.83 13222809811.81108 4.048     4.048     4.048     16.582    0.0         0.05     1374168.62753
 7900        31.48696    996215.97672 996247.46368 7707073519.16 61888200688636.31 13056582423.76293 4.048     4.048     4.048     16.582    0.0         0.04     1374229.1461
 8000        31.48696    818543.93932 818575.42628 6332540800.79 61893141733219.22 12894404527.754 4.048     4.048     4.048     16.582    0.0         0.04     1374284.00302

Time averages:
             Epot        Ekin        Etot        Temp     MSD         Self_diff   Pressure    Spec_heat   DebyeT   Lindemann  
             eV/atom     eV/atom     eV/atom     K        Å^2         mm^2/s      GPa         J/(K*Kg)    K        1          
             31.48696    315374388574.54816 315374388606.0354 2439846032999214.5 50510366110665.11 25382546439.90422 0.0         -26.84065   39.12    1208377.81258