Material ID: Al_MTP_06_10_eq_0_offset_0_ranfor_10000
Unit cell composition: Al32
Material:  Al
Site positions of initial unit cell:
 Al          Al          Al          Al         
 0.00000     0.00000     2.02395     2.02395    
 0.00000     2.02395     0.00000     2.02395    
 0.00000     2.02395     2.02395     0.00000    
Properties:
 Time        Epot        Ekin        Etot        Temp     MSD         Self_diff   LC_a      LC_b      LC_c      Volume      Pressure    DebyeT   Lindemann 
 fs          eV/atom     eV/atom     eV/atom     K        Å^2         mm^2/s      Å         Å         Å         Å^3/atom    GPa        K        1          
 100         -3.72842    0.04329     -3.68513    334.88   0.0         0.0         4.048     4.048     4.048     16.582    0.0         inf      0.0        
 200         -3.51156    7.043231262513202e+16 7.043231262513202e+16 5.448888837489367e+20 3800765365954815.5 31673044716290.125 4.048     4.048     4.048     16.582    0.0         1523.06  10769381.38027
 300         -3.51156    5.78699502569395e+16 5.78699502569395e+16 4.477020762606423e+20 2.1068448457809132e+16 117046935876717.4 4.048     4.048     4.048     16.582    0.0         586.38   25355460.59404
 400         -3.51156    4.754822067189152e+16 4.754822067189152e+16 3.6784958381318695e+20 4.876907088853028e+16 203204462035542.84 4.048     4.048     4.048     16.582    0.0         349.35   38576912.67958
 500         -3.51156    3.906748285563732e+16 3.906748285563732e+16 3.022396444283877e+20 8.377758911822696e+16 279258630394089.88 4.048     4.048     4.048     16.582    0.0         241.61   50561407.64196
 600         -3.51156    3.2099376060150216e+16 3.2099376060150212e+16 2.4833194507674747e+20 1.2364462088802842e+17 343457280244523.4 4.048     4.048     4.048     16.582    0.0         180.27   61424671.24378
 700         -3.51156    2.6374106243628064e+16 2.637410624362806e+16 2.0403926515169457e+20 1.664648682120747e+17 396344924314463.5 4.048     4.048     4.048     16.582    0.0         140.83   71271602.33069
 800         -3.51156    2.167000002910343e+16 2.1670000029103428e+16 1.6764666225774753e+20 2.1077004380563654e+17 439104257928409.44 4.048     4.048     4.048     16.582    0.0         113.45   80197285.74979
 900         -3.51156    1.7804921876863246e+16 1.7804921876863242e+16 1.3774507246918404e+20 2.554418336336018e+17 473040432654818.2 4.048     4.048     4.048     16.582    0.0         93.41    88287910.51228
 1000        -3.51156    1.462922208972623e+16 1.4629222089726226e+16 1.131767536444892e+20 2.996412341393839e+17 499402056898973.1 4.048     4.048     4.048     16.582    0.0         78.18    95621602.05923
 1100        -3.51156    1.201994260228534e+16 1.2019942602285336e+16 9.299045939531609e+19 3.42751263976792e+17 519320096934533.4 4.048     4.048     4.048     16.582    0.0         66.26    102269176.66477
 1200        -3.51156    9876056238446244.0 9876056238446240.0 7.640460832587363e+19 3.8433059258326944e+17 533792489698985.3 4.048     4.048     4.048     16.582    0.0         56.72    108294825.25499
 1300        -3.51156    8114555126159829.0 8114555126159825.0 6.277702264790788e+19 4.2407607313610035e+17 543687273251410.7 4.048     4.048     4.048     16.582    0.0         48.94    113756733.25668
 1400        -3.51156    6667236727650132.0 6667236727650126.0 5.158006379195452e+19 4.61792532387136e+17 549753014746590.5 4.048     4.048     4.048     16.582    0.0         42.51    118707642.45296
 1500        -3.51156    5478063171704724.0 5478063171704720.0 4.238020328287853e+19 4.9736846931250214e+17 552631632569446.8 4.048     4.048     4.048     16.582    0.0         37.13    123195360.27248
 1600        -3.51156    4500991539925676.0 4500991539925672.5 3.4821237079163875e+19 5.3075655999836864e+17 552871416664967.44 4.048     4.048     4.048     16.582    0.0         32.58    127263221.43293
 1700        -3.51156    3698191168280593.0 3698191168280590.0 2.8610493997261545e+19 5.619580673490413e+17 550939281714746.3 4.048     4.048     4.048     16.582    0.0         28.7     130950506.39258
 1800        -3.51156    3038578898556180.0 3038578898556176.5 2.3507503907042796e+19 5.910104191696627e+17 547231869601539.5 4.048     4.048     4.048     16.582    0.0         25.37    134292820.65477
 1900        -3.51156    2496615589891967.0 2496615589891963.5 1.9314687126161605e+19 6.179773532214213e+17 542085397562650.3 4.048     4.048     4.048     16.582    0.0         22.49    137322438.58531
 2000        -3.51156    2051317281253126.8 2051317281253123.0 1.5869704428789152e+19 6.429411385221274e+17 535784282101772.75 4.048     4.048     4.048     16.582    0.0         19.98    140068615.06234
 2100        -3.51156    1685442726937381.0 1685442726937377.5 1.3039171537524849e+19 6.659964727824384e+17 528568629192411.4 4.048     4.048     4.048     16.582    0.0         17.8     142557867.96953
 2200        -3.51156    1384825843734787.5 1384825843734784.0 1.0713494702289189e+19 6.872457300278871e+17 520640704566581.2 4.048     4.048     4.048     16.582    0.0         15.88    144814234.26242
 2300        -3.51156    1137827223060924.2 1137827223060920.8 8.80262740729021e+18 7.067952930506804e+17 512170502210638.0 4.048     4.048     4.048     16.582    0.0         14.2     146859502.07439
 2400        -3.51156    934883469980447.4 934883469980443.9 7.232583900861564e+18 7.247527550626205e+17 503300524349042.06 4.048     4.048     4.048     16.582    0.0         12.71    148713421.11047
 2500        -3.51156    768136922957215.5 768136922957212.0 5.942574578577038e+18 7.412248153608024e+17 494149876907201.7 4.048     4.048     4.048     16.582    0.0         11.39    150393893.35574
 2600        -3.51156    631131420580695.2 631131420580691.8 4.882652328760604e+18 7.56315727010441e+17 484817773724641.6 4.048     4.048     4.048     16.582    0.0         10.22    151917145.94272
 2700        -3.51156    518562326792789.06 518562326792785.5 4.011778640639865e+18 7.701261815287308e+17 475386531807858.5 4.048     4.048     4.048     16.582    0.0         9.18     153297887.84398
 2800        -3.51156    426071144549933.1 426071144549929.6 3.296234664153337e+18 7.827525376927515e+17 465924129579018.75 4.048     4.048     4.048     16.582    0.0         8.25     154549451.90824
 2900        -3.51156    350076761525806.6 350076761525803.1 2.708315667973311e+18 7.942863194403738e+17 456486390482973.44 4.048     4.048     4.048     16.582    0.0         7.43     155683923.60389
 3000        -3.51156    287636795969993.4 287636795969989.9 2.2252583628112348e+18 8.048139226349375e+17 447118845908298.6 4.048     4.048     4.048     16.582    0.0         6.69     156712257.72149
 3100        -3.51156    236333672278487.38 236333672278483.88 1.8283595423808591e+18 8.144164822415656e+17 437858323785787.9 4.048     4.048     4.048     16.582    0.0         6.03     157644384.15732
 3200        -3.51156    194181013861320.72 194181013861317.2 1.5022519060431534e+18 8.23169861164726e+17 428734302689961.44 4.048     4.048     4.048     16.582    0.0         5.43     158489303.79742
 3300        -3.51156    159546736576743.16 159546736576739.66 1.2343090828465364e+18 8.311447299349034e+17 419770065623688.5 4.048     4.048     4.048     16.582    0.0         4.9      159255175.43382
 3400        -3.51156    131089856049043.78 131089856049040.27 1.0141567509439475e+18 8.38406712683669e+17 410983682688073.06 4.048     4.048     4.048     16.582    0.0         4.42     159949394.5473
 3500        -3.51156    107708566725570.23 107708566725566.7 8.332709591073692e+17 8.45016580075294e+17 402388847654901.8 4.048     4.048     4.048     16.582    0.0         3.99     160578664.72016
 3600        -3.51156    88497582550235.69 88497582550232.17 6.846480993309129e+17 8.51030474002213e+17 393995589815839.4 4.048     4.048     4.048     16.582    0.0         3.61     161149062.36954
 3700        -3.51156    72713084523734.22 72713084523730.7 5.625337289569846e+17 8.565001521514646e+17 385810879347506.56 4.048     4.048     4.048     16.582    0.0         3.26     161666095.42218
 3800        -3.51156    59743921955467.66 59743921955464.15 4.621997735380671e+17 8.614732433169019e+17 377839141805658.75 4.048     4.048     4.048     16.582    0.0         2.95     162134756.5009
 3900        -3.51156    49087949209484.68 49087949209481.17 3.797614596675396e+17 8.65993506434411e+17 370082695057440.6 4.048     4.048     4.048     16.582    0.0         2.66     162559571.13373
 4000        -3.51156    40332584272744.79 40332584272741.28 3.1202690929736646e+17 8.70101088107222e+17 362542120044675.9 4.048     4.048     4.048     16.582    0.0         2.41     162944641.45577
 4100        -3.51156    33138833095065.273 33138833095061.76 2.5637354647175466e+17 8.738327746490413e+17 355216575060585.9 4.048     4.048     4.048     16.582    0.0         2.18     163293685.81889
 4200        -3.51156    27228164994448.54 27228164994445.023 2.1064656089487773e+17 8.772222358892575e+17 348104061860816.44 4.048     4.048     4.048     16.582    0.0         1.97     163610074.69782
 4300        -3.51156    22371728158402.94 22371728158399.43 1.7307547529565424e+17 8.803002587440628e+17 341201650675993.4 4.048     4.048     4.048     16.582    0.0         1.78     163896863.2357
 4400        -3.51156    18381489338977.355 18381489338973.844 1.4220559902479245e+17 8.830949693035468e+17 334505670190737.44 4.048     4.048     4.048     16.582    0.0         1.61     164156820.74716
 4500        -3.51156    15102952501812.76 15102952501809.246 1.1684169698964984e+17 8.856320426050657e+17 328011867631505.8 4.048     4.048     4.048     16.582    0.0         1.46     164392457.45794
 4600        -3.51156    12409178074461.25 12409178074457.738 9.600172047768672e+16 8.879348997784982e+17 321715543398006.6 4.048     4.048     4.048     16.582    0.0         1.32     164606048.74432
 4700        -3.51156    10195867369974.127 10195867369970.615 7.887877854652506e+16 8.900248925115679e+17 315611664011194.3 4.048     4.048     4.048     16.582    0.0         1.2      164799657.10719
 4800        -3.51156    8377324536749.256 8377324536745.745 6.480989826256361e+16 8.919214749154248e+17 309694956567855.75 4.048     4.048     4.048     16.582    0.0         1.08     164975152.0853
 4900        -3.51156    6883138399838.417 6883138399834.904 5.32503542704788e+16 8.936423632289276e+17 303959987492832.56 4.048     4.048     4.048     16.582    0.0         0.98     165134228.30948
 5000        -3.51156    5655456451682.889 5655456451679.377 4.37525794367942e+16 8.952036837460179e+17 298401227915339.3 4.048     4.048     4.048     16.582    0.0         0.89     165278421.86626
 5100        -3.51156    4646744839206.395 4646744839202.883 3.5948835330416764e+16 8.966201095221862e+17 293013107686989.0 4.048     4.048     4.048     16.582    0.0         0.81     165409125.13082
 5200        -3.51156    3817947799083.9263 3817947799080.4146 2.9536972973285936e+16 8.979049864434289e+17 287790059757509.25 4.048     4.048     4.048     16.582    0.0         0.73     165527600.21268
 5300        -3.51156    3136975617222.4497 3136975617218.9385 2.426873516866533e+16 8.990704492345098e+17 282726556363053.4 4.048     4.048     4.048     16.582    0.0         0.66     165634991.14049
 5400        -3.51156    2577462221857.395 2577462221853.8833 1.994014480892956e+16 9.001275281384801e+17 277817138314345.7 4.048     4.048     4.048     16.582    0.0         0.6      165732334.9138
 5500        -3.51156    2117744026488.405 2117744026484.8936 1.6383604849111436e+16 9.01086246714426e+17 273056438398310.9 4.048     4.048     4.048     16.582    0.0         0.54     165820571.51215
 5600        -3.51156    1740021540835.4277 1740021540831.9163 1.3461412237465118e+16 9.019557115301757e+17 268439199860171.38 4.048     4.048     4.048     16.582    0.0         0.49     165900552.97399
 5700        -3.51156    1429669935249.6099 1429669935246.0984 1.1060424201797454e+16 9.027441942408589e+17 263960290713701.47 4.048     4.048     4.048     16.582    0.0         0.45     165973051.62349
 5800        -3.51156    1174672900755.8333 1174672900752.3218 9087678393717542.0 9.034592066589247e+17 259614714557162.22 4.048     4.048     4.048     16.582    0.0         0.4      166038767.52869
 5900        -3.51156    965157325135.7607 965157325132.2491 7466792980863709.0 9.041075693518911e+17 255397618460986.22 4.048     4.048     4.048     16.582    0.0         0.37     166098335.26256
 6000        -3.51156    793011110978.6987 793011110975.1873 6135009954330281.0 9.046954742298597e+17 251304298397183.25 4.048     4.048     4.048     16.582    0.0         0.33     166152330.02796
 6100        -3.51156    651569039963.1538 651569039959.6422 5040764865417817.0 9.052285417000707e+17 247330202650292.56 4.048     4.048     4.048     16.582    0.0         0.3      166201273.21474
 6200        -3.51156    535354657915.11456 535354657911.603 4141689958609588.5 9.057118727201006e+17 243470933526908.75 4.048     4.048     4.048     16.582    0.0         0.27     166245637.43181
 6300        -3.51156    439868389400.0917 439868389396.58014 3402974952310950.0 9.061500962753079e+17 239722247691880.38 4.048     4.048     4.048     16.582    0.0         0.25     166285851.07273
 6400        -3.51156    361413125152.3954 361413125148.88385 2796017722499628.5 9.065474126102968e+17 236080055367264.84 4.048     4.048     4.048     16.582    0.0         0.22     166322302.45348
 6500        -3.51156    296951204933.898 296951204930.3865 2297317872345387.0 9.069076325344298e+17 232540418598571.72 4.048     4.048     4.048     16.582    0.0         0.2      166355343.55861
 6600        -3.51156    243986748941.13113 243986748937.6195 1887566407021919.0 9.072342132476425e+17 229099548799909.72 4.048     4.048     4.048     16.582    0.0         0.18     166385293.44254
 6700        -3.51156    200469098866.12 200469098862.60843 1550898720147067.0 9.075302909073455e+17 225753803708294.94 4.048     4.048     4.048     16.582    0.0         0.17     166412441.31073
 6800        -3.51156    164713252166.3201 164713252162.80853 1274279045602970.5 9.077987102140165e+17 222499683875984.44 4.048     4.048     4.048     16.582    0.0         0.15     166437049.31014
 6900        -3.51156    135334870051.25064 135334870047.73907 1046997656700827.9 9.080420513471057e+17 219333828827803.3 4.048     4.048     4.048     16.582    0.0         0.14     166459355.06247
 7000        -3.51156    111196438509.76578 111196438506.25423 860254349149734.1 9.08262654431924e+17 216253012959981.9 4.048     4.048     4.048     16.582    0.0         0.12     166479573.95934
 7100        -3.51156    91363348556.0194 91363348552.50784 706818662553622.6 9.084626417360567e+17 213254141252595.5 4.048     4.048     4.048     16.582    0.0         0.11     166497901.23974
 7200        -3.51156    75067713659.23601 75067713655.72444 580749959454980.2 9.08643937888547e+17 210334244881608.1 4.048     4.048     4.048     16.582    0.0         0.1      166514513.87832
 7300        -3.51156    61678583466.99301 61678583463.48145 477166988331336.9 9.088082881787794e+17 207490476753145.97 4.048     4.048     4.048     16.582    0.0         0.09     166529572.29129
 7400        -3.51156    50677549072.69019 50677549069.17863 392059157454058.6 9.089572752294156e+17 204720107033652.16 4.048     4.048     4.048     16.582    0.0         0.08     166543221.88789
 7500        -3.51156    41638669834.28268 41638669830.77112 322131241771791.6 9.090923340833805e+17 202020518685195.62 4.048     4.048     4.048     16.582    0.0         0.08     166555594.47229
 7600        -3.51156    34211970528.36322 34211970524.85166 264675711150786.75 9.092147659386088e+17 199389203056712.47 4.048     4.048     4.048     16.582    0.0         0.07     166566809.51786
 7700        -3.51156    28109898720.127 28109898716.61544 217467959875567.9 9.093257505903878e+17 196823755539045.0 4.048     4.048     4.048     16.582    0.0         0.06     166576975.32023
 7800        -3.51156    23096192848.17958 23096192844.66802 178680186278650.6 9.094263577180663e+17 194321871307279.12 4.048     4.048     4.048     16.582    0.0         0.06     166586190.04196
 7900        -3.51156    18976738057.85943 18976738054.34787 146810650284587.47 9.09517557169174e+17 191881341174931.22 4.048     4.048     4.048     16.582    0.0         0.05     166594542.66342
 8000        -3.51156    15592034080.83545 15592034077.32389 120625402305052.9 9.096002282422045e+17 189500047550459.34 4.048     4.048     4.048     16.582    0.0         0.05     166602113.84033
 8100        -3.51156    12811025370.11142 12811025366.59986 99110551015876.62 9.096751681202044e+17 187175960518560.6 4.048     4.048     4.048     16.582    0.0         0.04     166608976.68213
 8200        -3.51156    10526040931.40662 10526040927.89506 81433116131461.4 9.097430995257202e+17 184907134049943.16 4.048     4.048     4.048     16.582    0.0         0.04     166615197.458
 8300        -3.51156    8648609990.94037 8648609987.42881 66908656954448.07 9.098046776775092e+17 182691702344881.38 4.048     4.048     4.048     16.582    0.0         0.03     166620836.23796
 8400        -3.51156    7106035751.83578 7106035748.32423 54974765762784.42 9.098604965754981e+17 180527876304662.3 4.048     4.048     4.048     16.582    0.0         0.03     166625947.47174
 8500        -3.51156    5838598564.03936 5838598560.5278 45169430558813.6 9.099110947106202e+17 178413940139337.3 4.048     4.048     4.048     16.582    0.0         0.03     166630580.51441
 8600        -3.51156    4797223846.41724 4797223842.90568 37112993302953.72 9.099569602673608e+17 176348248113829.62 4.048     4.048     4.048     16.582    0.0         0.03     166634780.10494
 8700        -3.51156    3941587721.22214 3941587717.71058 30493494442618.72 9.099985357965446e+17 174329221416962.56 4.048     4.048     4.048     16.582    0.0         0.02     166638586.79599
 8800        -3.51156    3238562914.35588 3238562910.84432 25054649855759.56 9.100362224715731e+17 172355345165070.66 4.048     4.048     4.048     16.582    0.0         0.02     166642037.34508
 8900        -3.51156    2660931002.11559 2660930998.60403 20585888343503.54 9.100703839761358e+17 170425165538602.22 4.048     4.048     4.048     16.582    0.0         0.02     166645165.07185
 9000        -3.51156    2186325663.42616 2186325659.9146 16914176261633.13 9.101013499975557e+17 168537287036584.38 4.048     4.048     4.048     16.582    0.0         0.02     166648000.17886
 9100        -3.51156    1796371032.94895 1796371029.4374 13897351520347.66 9.101294193902979e+17 166690369851702.9 4.048     4.048     4.048     16.582    0.0         0.02     166650570.04215
 9200        -3.51156    1475968836.59593 1475968833.08437 11418608616494.6 9.101548630758573e+17 164883127368814.72 4.048     4.048     4.048     16.582    0.0         0.01     166652899.47738
 9300        -3.51156    1212714421.57108 1212714418.05952 9381980838725.38 9.101779266420909e+17 163114323770984.03 4.048     4.048     4.048     16.582    0.0         0.01     166655010.97839
 9400        -3.51156    996414081.4363 996414077.92474 7708606126214.49 9.101988327075361e+17 161382771756655.34 4.048     4.048     4.048     16.582    0.0         0.01     166656924.93415
 9500        -3.51156    818692834.63901 818692831.12746 6333692706840.45 9.102177830778239e+17 159687330364530.5 4.048     4.048     4.048     16.582    0.0         0.01     166658659.82651
 9600        -3.51156    672670310.69446 672670307.1829 5204011639887.08 9.102349606809952e+17 158026902896006.12 4.048     4.048     4.048     16.582    0.0         0.01     166660232.40775
 9700        -3.51156    552692629.44665 552692625.93509 4275822540689.77 9.10250531346164e+17 156400434939203.44 4.048     4.048     4.048     16.582    0.0         0.01     166661657.86364
 9800        -3.51156    454113894.64785 454113891.13629 3513183138917.03 9.102646453844483e+17 154806912480348.3 4.048     4.048     4.048     16.582    0.0         0.01     166662949.95841
 9900        -3.51156    373118129.26484 373118125.75328 2886571708126.27 9.102774390550857e+17 153245360110283.78 4.048     4.048     4.048     16.582    0.0         0.01     166664121.16912
 10000       -3.51156    306568440.51689 306568437.00533 2371720154000.68 9.102890358717217e+17 151714839311953.62 4.048     4.048     4.048     16.582    0.0         0.01     166665182.80539
 10100       -3.51156    251888237.34185 251888233.83029 1948695071326.02 9.102995477877926e+17 150214446829668.75 4.048     4.048     4.048     16.582    0.0         0.01     166666145.11807

Time averages:
             Epot        Ekin        Etot        Temp     MSD         Self_diff   Pressure    Spec_heat   DebyeT   Lindemann  
             eV/atom     eV/atom     eV/atom     K        Å^2         mm^2/s      GPa         J/(K*Kg)    K        1          
             -3.51156    97052279413412.2 97052279413408.78 7.508302116434301e+17 8.796032846282392e+17 273881025244906.34 0.0         -26.84065   1.98     163755748.20213