Material ID: Al_MTP_10_1_eq_0_ranfor_10000
Unit cell composition: Al32
Material:  Al
Site positions of initial unit cell:
 Al          Al          Al          Al         
 0.00000     0.00000     2.02395     2.02395    
 0.00000     2.02395     0.00000     2.02395    
 0.00000     2.02395     2.02395     0.00000    
Properties:
 Time        Epot        Ekin        Etot        Temp     MSD         Self_diff   LC_a      LC_b      LC_c      Volume      Pressure    DebyeT   Lindemann 
 fs          eV/atom     eV/atom     eV/atom     K        Å^2         mm^2/s      Å         Å         Å         Å^3/atom    GPa        K        1          
 500         -3.72621    0.04041     -3.68579    312.66   0.0         0.0         4.048     4.048     4.048     16.582    0.0         inf      0.0        
 1000        -0.73293    0.0316      -0.70134    244.43   2.3862187895411722e+25 3.977031315901954e+22 4.048     4.048     4.048     16.582    0.0         0.0      853316920999.6249
 1500        -0.73293    0.04811     -0.68482    372.19   2.386218789541176e+25 2.6513542106013065e+22 4.048     4.048     4.048     16.582    0.0         0.0      853316920999.6255
 2000        -0.73293    0.04529     -0.68764    350.4    2.3862187895411817e+25 1.9885156579509845e+22 4.048     4.048     4.048     16.582    0.0         0.0      853316920999.6266
 2500        -0.73293    0.03957     -0.69336    306.12   2.3862187895411894e+25 1.590812526360793e+22 4.048     4.048     4.048     16.582    0.0         0.0      853316920999.6279
 3000        -0.73293    0.03294     -0.7        254.8    2.3862187895412e+25 1.325677105300667e+22 4.048     4.048     4.048     16.582    0.0         0.0      853316920999.6299
 3500        -0.73293    0.04516     -0.68778    349.34   2.386218789541197e+25 1.1362946616862844e+22 4.048     4.048     4.048     16.582    0.0         0.0      853316920999.6294
 4000        -0.73293    0.03265     -0.70028    252.57   2.38621878954118e+25 9.942578289754916e+21 4.048     4.048     4.048     16.582    0.0         0.0      853316920999.6263
 4500        -0.73293    0.04486     -0.68807    347.09   2.386218789541161e+25 8.837847368670967e+21 4.048     4.048     4.048     16.582    0.0         0.0      853316920999.6229
 5000        -0.73293    0.03432     -0.69861    265.54   2.3862187895411533e+25 7.954062631803844e+21 4.048     4.048     4.048     16.582    0.0         0.0      853316920999.6216
 5500        -0.73293    0.02869     -0.70424    221.93   2.386218789541151e+25 7.230966028912579e+21 4.048     4.048     4.048     16.582    0.0         0.0      853316920999.6211
 6000        -0.73293    0.03432     -0.69861    265.54   2.3862187895411628e+25 6.62838552650323e+21 4.048     4.048     4.048     16.582    0.0         0.0      853316920999.6233
 6500        -0.73293    0.02858     -0.70436    221.07   2.386218789541162e+25 6.11850971677221e+21 4.048     4.048     4.048     16.582    0.0         0.0      853316920999.6232
 7000        -0.73293    0.03604     -0.69689    278.8    2.3862187895411697e+25 5.681473308431356e+21 4.048     4.048     4.048     16.582    0.0         0.0      853316920999.6245
 7500        -0.73293    0.03992     -0.69301    308.87   2.3862187895411817e+25 5.302708421202625e+21 4.048     4.048     4.048     16.582    0.0         0.0      853316920999.6266
 8000        -0.73293    0.04088     -0.69205    316.29   2.3862187895411813e+25 4.971289144877461e+21 4.048     4.048     4.048     16.582    0.0         0.0      853316920999.6266
 8500        -0.73293    0.03896     -0.69397    301.4    2.3862187895411937e+25 4.6788603716494e+21 4.048     4.048     4.048     16.582    0.0         0.0      853316920999.6288
 9000        -0.73293    0.03305     -0.69988    255.69   2.3862187895411886e+25 4.418923684335534e+21 4.048     4.048     4.048     16.582    0.0         0.0      853316920999.6279
 9500        -0.73293    0.04541     -0.68752    351.28   2.386218789541185e+25 4.186348753581027e+21 4.048     4.048     4.048     16.582    0.0         0.0      853316920999.6272
 10000       -0.73293    0.04087     -0.69207    316.15   2.386218789541179e+25 3.977031315901965e+21 4.048     4.048     4.048     16.582    0.0         0.0      853316920999.6262
 10500       -0.73293    0.03854     -0.69439    298.18   2.3862187895411765e+25 3.7876488722875815e+21 4.048     4.048     4.048     16.582    0.0         0.0      853316920999.6257
 11000       -0.73293    0.0335      -0.69943    259.19   2.3862187895411705e+25 3.615483014456319e+21 4.048     4.048     4.048     16.582    0.0         0.0      853316920999.6246
 11500       -0.73293    0.03098     -0.70196    239.64   2.3862187895411722e+25 3.4582881007843074e+21 4.048     4.048     4.048     16.582    0.0         0.0      853316920999.6249
 12000       -0.73293    0.039       -0.69393    301.73   2.386218789541166e+25 3.3141927632516195e+21 4.048     4.048     4.048     16.582    0.0         0.0      853316920999.6238
 12500       -0.73293    0.04181     -0.69112    323.44   2.386218789541161e+25 3.181625052721548e+21 4.048     4.048     4.048     16.582    0.0         0.0      853316920999.6229
 13000       -0.73293    0.03565     -0.69728    275.78   2.3862187895411662e+25 3.0592548583861104e+21 4.048     4.048     4.048     16.582    0.0         0.0      853316920999.6238
 13500       -0.73293    0.03794     -0.69499    293.51   2.3862187895411654e+25 2.9459491228903277e+21 4.048     4.048     4.048     16.582    0.0         0.0      853316920999.6237
 14000       -0.73293    0.04128     -0.69165    319.39   2.386218789541177e+25 2.840736654215687e+21 4.048     4.048     4.048     16.582    0.0         0.0      853316920999.6257
 14500       -0.73293    0.04281     -0.69012    331.21   2.386218789541189e+25 2.7427802178634357e+21 4.048     4.048     4.048     16.582    0.0         0.0      853316920999.6279
 15000       -0.73293    0.03467     -0.69827    268.19   2.3862187895412023e+25 2.651354210601336e+21 4.048     4.048     4.048     16.582    0.0         0.0      853316920999.6302
 15500       -0.73293    0.04104     -0.69189    317.5    2.3862187895412014e+25 2.5658266554206467e+21 4.048     4.048     4.048     16.582    0.0         0.0      853316920999.6301
 16000       -0.73293    0.03648     -0.69645    282.25   2.3862187895411954e+25 2.4856445724387453e+21 4.048     4.048     4.048     16.582    0.0         0.0      853316920999.6292
 16500       -0.73293    0.03654     -0.69639    282.68   2.3862187895411834e+25 2.410322009637559e+21 4.048     4.048     4.048     16.582    0.0         0.0      853316920999.6268
 17000       -0.73293    0.04536     -0.68757    350.95   2.386218789541183e+25 2.3394301858246893e+21 4.048     4.048     4.048     16.582    0.0         0.0      853316920999.6268
 17500       -0.73293    0.04097     -0.69197    316.93   2.3862187895411877e+25 2.2725893233725596e+21 4.048     4.048     4.048     16.582    0.0         0.0      853316920999.6277
 18000       -0.73293    0.04399     -0.68894    340.31   2.38621878954119e+25 2.2094618421677683e+21 4.048     4.048     4.048     16.582    0.0         0.0      853316920999.628
 18500       -0.73293    0.0334      -0.69954    258.36   2.3862187895411886e+25 2.149746657244314e+21 4.048     4.048     4.048     16.582    0.0         0.0      853316920999.6279
 19000       -0.73293    0.0396      -0.69333    306.38   2.3862187895411834e+25 2.0931743767905118e+21 4.048     4.048     4.048     16.582    0.0         0.0      853316920999.6268
 19500       -0.73293    0.03434     -0.69859    265.7    2.3862187895411735e+25 2.0395032389240797e+21 4.048     4.048     4.048     16.582    0.0         0.0      853316920999.6251
 20000       -0.73293    0.03804     -0.69489    294.3    2.3862187895411705e+25 1.9885156579509755e+21 4.048     4.048     4.048     16.582    0.0         0.0      853316920999.6246
 20500       -0.73293    0.03551     -0.69742    274.71   2.38621878954117e+25 1.9400152760497314e+21 4.048     4.048     4.048     16.582    0.0         0.0      853316920999.6245
 21000       -0.73293    0.03723     -0.6957     288.02   2.3862187895411817e+25 1.893824436143795e+21 4.048     4.048     4.048     16.582    0.0         0.0      853316920999.6266
 21500       -0.73293    0.04138     -0.69155    320.14   2.386218789541183e+25 1.849782007396266e+21 4.048     4.048     4.048     16.582    0.0         0.0      853316920999.6268
 22000       -0.73293    0.03648     -0.69645    282.26   2.3862187895411662e+25 1.8077415072281566e+21 4.048     4.048     4.048     16.582    0.0         0.0      853316920999.6238
 22500       -0.73293    0.03609     -0.69684    279.22   2.386218789541162e+25 1.767569473734194e+21 4.048     4.048     4.048     16.582    0.0         0.0      853316920999.6232
 23000       -0.73293    0.03371     -0.69923    260.76   2.3862187895411645e+25 1.7291440503921482e+21 4.048     4.048     4.048     16.582    0.0         0.0      853316920999.6234
 23500       -0.73293    0.036       -0.69693    278.52   2.3862187895411817e+25 1.6923537514476468e+21 4.048     4.048     4.048     16.582    0.0         0.0      853316920999.6266
 24000       -0.73293    0.02431     -0.70862    188.09   2.3862187895411774e+25 1.6570963816258176e+21 4.048     4.048     4.048     16.582    0.0         0.0      853316920999.6259
 24500       -0.73293    0.04233     -0.6906     327.51   2.3862187895411752e+25 1.6232780881232485e+21 4.048     4.048     4.048     16.582    0.0         0.0      853316920999.6255
 25000       -0.73293    0.04798     -0.68496    371.16   2.38621878954118e+25 1.5908125263607866e+21 4.048     4.048     4.048     16.582    0.0         0.0      853316920999.6263
 25500       -0.73293    0.05134     -0.68159    397.21   2.3862187895411714e+25 1.5596201238831185e+21 4.048     4.048     4.048     16.582    0.0         0.0      853316920999.6249
 26000       -0.73293    0.03644     -0.69649    281.91   2.386218789541175e+25 1.529627429193061e+21 4.048     4.048     4.048     16.582    0.0         0.0      853316920999.6254
 26500       -0.73293    0.03786     -0.69507    292.88   2.3862187895411568e+25 1.5007665343026142e+21 4.048     4.048     4.048     16.582    0.0         0.0      853316920999.6221
 27000       -0.73293    0.04692     -0.68601    363.02   2.386218789541144e+25 1.4729745614451505e+21 4.048     4.048     4.048     16.582    0.0         0.0      853316920999.6199
 27500       -0.73293    0.03729     -0.69565    288.46   2.3862187895411396e+25 1.4461932057825087e+21 4.048     4.048     4.048     16.582    0.0         0.0      853316920999.619
 28000       -0.73293    0.03826     -0.69467    296.02   2.3862187895411465e+25 1.4203683271078254e+21 4.048     4.048     4.048     16.582    0.0         0.0      853316920999.6202
 28500       -0.73293    0.04243     -0.6905     328.25   2.3862187895411426e+25 1.395449584526984e+21 4.048     4.048     4.048     16.582    0.0         0.0      853316920999.6195
 29000       -0.73293    0.04046     -0.69247    313.04   2.3862187895411495e+25 1.371390108931695e+21 4.048     4.048     4.048     16.582    0.0         0.0      853316920999.6208
 29500       -0.73293    0.038       -0.69493    293.98   2.3862187895411293e+25 1.348146208780299e+21 4.048     4.048     4.048     16.582    0.0         0.0      853316920999.6172
 30000       -0.73293    0.03909     -0.69385    302.38   2.386218789541123e+25 1.3256771053006239e+21 4.048     4.048     4.048     16.582    0.0         0.0      853316920999.6161
 30500       -0.73293    0.03994     -0.69299    309.03   2.386218789541115e+25 1.3039446937383144e+21 4.048     4.048     4.048     16.582    0.0         0.0      853316920999.6147
 31000       -0.73293    0.03462     -0.69831    267.82   2.3862187895411246e+25 1.282913327710282e+21 4.048     4.048     4.048     16.582    0.0         0.0      853316920999.6163
 31500       -0.73293    0.04556     -0.68737    352.45   2.3862187895411147e+25 1.2625496240958278e+21 4.048     4.048     4.048     16.582    0.0         0.0      853316920999.6146
 32000       -0.73293    0.03871     -0.69422    299.46   2.3862187895411207e+25 1.2428222862193336e+21 4.048     4.048     4.048     16.582    0.0         0.0      853316920999.6156
 32500       -0.73293    0.03442     -0.69851    266.26   2.3862187895411164e+25 1.2237019433544185e+21 4.048     4.048     4.048     16.582    0.0         0.0      853316920999.615
 33000       -0.73293    0.03217     -0.70076    248.88   2.386218789541113e+25 1.205161004818744e+21 4.048     4.048     4.048     16.582    0.0         0.0      853316920999.6143
 33500       -0.73293    0.03605     -0.69688    278.91   2.386218789541106e+25 1.1871735271348786e+21 4.048     4.048     4.048     16.582    0.0         0.0      853316920999.613
 34000       -0.73293    0.04262     -0.69031    329.74   2.3862187895411203e+25 1.1697150929123137e+21 4.048     4.048     4.048     16.582    0.0         0.0      853316920999.6156
 34500       -0.73293    0.04056     -0.69237    313.76   2.3862187895411155e+25 1.1527627002614082e+21 4.048     4.048     4.048     16.582    0.0         0.0      853316920999.6147
 35000       -0.73293    0.05379     -0.67914    416.17   2.3862187895411035e+25 1.1362946616862398e+21 4.048     4.048     4.048     16.582    0.0         0.0      853316920999.6125
 35500       -0.73293    0.03763     -0.6953     291.15   2.3862187895411052e+25 1.1202905115216459e+21 4.048     4.048     4.048     16.582    0.0         0.0      853316920999.6129
 36000       -0.73293    0.03829     -0.69464    296.2    2.3862187895411052e+25 1.104730921083845e+21 4.048     4.048     4.048     16.582    0.0         0.0      853316920999.6129
 36500       -0.73293    0.03376     -0.69917    261.21   2.3862187895411087e+25 1.089597620795027e+21 4.048     4.048     4.048     16.582    0.0         0.0      853316920999.6135
 37000       -0.73293    0.03399     -0.69894    262.99   2.3862187895411082e+25 1.0748733286221206e+21 4.048     4.048     4.048     16.582    0.0         0.0      853316920999.6134
 37500       -0.73293    0.04276     -0.69017    330.83   2.386218789541113e+25 1.0605416842404946e+21 4.048     4.048     4.048     16.582    0.0         0.0      853316920999.6143
 38000       -0.73293    0.03599     -0.69694    278.43   2.386218789541112e+25 1.0465871883952245e+21 4.048     4.048     4.048     16.582    0.0         0.0      853316920999.6141
 38500       -0.73293    0.0489      -0.68403    378.32   2.386218789541107e+25 1.0329951469874921e+21 4.048     4.048     4.048     16.582    0.0         0.0      853316920999.6133
 39000       -0.73293    0.02909     -0.70385    225.02   2.38621878954112e+25 1.019751619462017e+21 4.048     4.048     4.048     16.582    0.0         0.0      853316920999.6156
 39500       -0.73293    0.03502     -0.69791    270.9    2.386218789541126e+25 1.0068433711143991e+21 4.048     4.048     4.048     16.582    0.0         0.0      853316920999.6166
 40000       -0.73293    0.03276     -0.70017    253.44   2.3862187895411095e+25 9.942578289754623e+20 4.048     4.048     4.048     16.582    0.0         0.0      853316920999.6138
 40500       -0.73293    0.03635     -0.69658    281.23   2.3862187895411147e+25 9.819830409634217e+20 4.048     4.048     4.048     16.582    0.0         0.0      853316920999.6146
 41000       -0.73293    0.03178     -0.70115    245.85   2.38621878954112e+25 9.700076380248453e+20 4.048     4.048     4.048     16.582    0.0         0.0      853316920999.6156
 41500       -0.73293    0.03568     -0.69725    276.07   2.386218789541108e+25 9.583207990124931e+20 4.048     4.048     4.048     16.582    0.0         0.0      853316920999.6134
 42000       -0.73293    0.03812     -0.69481    294.92   2.386218789541115e+25 9.46912218071871e+20 4.048     4.048     4.048     16.582    0.0         0.0      853316920999.6147
 42500       -0.73293    0.04089     -0.69204    316.37   2.3862187895411117e+25 9.357720743298478e+20 4.048     4.048     4.048     16.582    0.0         0.0      853316920999.6141
 43000       -0.73293    0.04319     -0.68975    334.1    2.386218789541113e+25 9.248910036981058e+20 4.048     4.048     4.048     16.582    0.0         0.0      853316920999.6143
 43500       -0.73293    0.03647     -0.69646    282.17   2.3862187895411173e+25 9.142600726211178e+20 4.048     4.048     4.048     16.582    0.0         0.0      853316920999.6151
 44000       -0.73293    0.03486     -0.69807    269.67   2.3862187895411216e+25 9.038707536140612e+20 4.048     4.048     4.048     16.582    0.0         0.0      853316920999.6158
 44500       -0.73293    0.02921     -0.70373    225.94   2.3862187895411095e+25 8.937149024498538e+20 4.048     4.048     4.048     16.582    0.0         0.0      853316920999.6138
 45000       -0.73293    0.04102     -0.69191    317.36   2.3862187895411052e+25 8.83784736867076e+20 4.048     4.048     4.048     16.582    0.0         0.0      853316920999.6129
 45500       -0.73293    0.04362     -0.68931    337.46   2.3862187895411216e+25 8.740728166817295e+20 4.048     4.048     4.048     16.582    0.0         0.0      853316920999.6158
 46000       -0.73293    0.03572     -0.69721    276.36   2.3862187895411353e+25 8.645720251960635e+20 4.048     4.048     4.048     16.582    0.0         0.0      853316920999.6183
 46500       -0.73293    0.04204     -0.69089    325.27   2.38621878954113e+25 8.552755518068566e+20 4.048     4.048     4.048     16.582    0.0         0.0      853316920999.6173
 47000       -0.73293    0.02908     -0.70386    224.94   2.386218789541144e+25 8.461768757238099e+20 4.048     4.048     4.048     16.582    0.0         0.0      853316920999.6199
 47500       -0.73293    0.04271     -0.69022    330.46   2.38621878954114e+25 8.372697507161895e+20 4.048     4.048     4.048     16.582    0.0         0.0      853316920999.6191
 48000       -0.73293    0.04642     -0.68651    359.16   2.3862187895411323e+25 8.285481908128932e+20 4.048     4.048     4.048     16.582    0.0         0.0      853316920999.6178
 48500       -0.73293    0.0279      -0.70504    215.81   2.386218789541145e+25 8.200064568869915e+20 4.048     4.048     4.048     16.582    0.0         0.0      853316920999.62
 49000       -0.73293    0.04488     -0.68805    347.23   2.386218789541139e+25 8.11639044061612e+20 4.048     4.048     4.048     16.582    0.0         0.0      853316920999.619
 49500       -0.73293    0.02951     -0.70342    228.33   2.386218789541136e+25 8.034406698791705e+20 4.048     4.048     4.048     16.582    0.0         0.0      853316920999.6185
 50000       -0.73293    0.04183     -0.6911     323.64   2.3862187895411327e+25 7.954062631803775e+20 4.048     4.048     4.048     16.582    0.0         0.0      853316920999.6178
 50500       -0.73293    0.05352     -0.67941    414.09   2.386218789541118e+25 7.875309536439333e+20 4.048     4.048     4.048     16.582    0.0         0.0      853316920999.6152

Time averages:
             Epot        Ekin        Etot        Temp     MSD         Self_diff   Pressure    Spec_heat   DebyeT   Lindemann  
             eV/atom     eV/atom     eV/atom     K        Å^2         mm^2/s      GPa         J/(K*Kg)    K        1          
             -0.73293    0.03847     -0.69446    297.65   2.3862187895411435e+25 1.516774558349541e+21 0.0         489.65806   0.0      853316920999.6202