Material ID: Al_MTP_06_100_eq_0_ranfor_10000
Unit cell composition: Al32
Material:  Al
Site positions of initial unit cell:
 Al          Al          Al          Al         
 0.00000     0.00000     2.02395     2.02395    
 0.00000     2.02395     0.00000     2.02395    
 0.00000     2.02395     2.02395     0.00000    
Properties:
 Time        Epot        Ekin        Etot        Temp     MSD         Self_diff   LC_a      LC_b      LC_c      Volume      Pressure    DebyeT   Lindemann 
 fs          eV/atom     eV/atom     eV/atom     K        Å^2         mm^2/s      Å         Å         Å         Å^3/atom    GPa        K        1          
 500         -3.72864    0.03661     -3.69203    283.25   0.0         0.0         4.048     4.048     4.048     16.582    0.0         inf      0.0        
 1000        -3.69045    0.03135     -3.6591     242.55   0.00043     0.0         4.048     4.048     4.048     16.582    0.0         3023.81  0.00362    
 1500        -3.70043    0.04335     -3.65708    335.34   0.00031     0.0         4.048     4.048     4.048     16.582    0.0         4199.73  0.00306    
 2000        -3.69709    0.02957     -3.66753    228.73   0.00037     0.0         4.048     4.048     4.048     16.582    0.0         3162.53  0.00336    
 2500        -3.69371    0.0384      -3.65531    297.06   0.00045     0.0         4.048     4.048     4.048     16.582    0.0         3258.23  0.00372    
 3000        -3.70093    0.0369      -3.66403    285.47   0.00044     0.0         4.048     4.048     4.048     16.582    0.0         3230.82  0.00367    
 3500        -3.69431    0.04223     -3.65207    326.74   0.00047     0.0         4.048     4.048     4.048     16.582    0.0         3340.04  0.0038     
 4000        -3.68993    0.04284     -3.64709    331.39   0.00061     0.0         4.048     4.048     4.048     16.582    0.0         2967.79  0.00431    
 4500        -3.69191    0.03467     -3.65723    268.24   0.00057     0.0         4.048     4.048     4.048     16.582    0.0         2756.19  0.00418    
 5000        -3.68814    0.03336     -3.65478    258.09   0.00063     0.0         4.048     4.048     4.048     16.582    0.0         2570.66  0.00439    
 5500        -3.68586    0.04247     -3.64339    328.58   0.00048     0.0         4.048     4.048     4.048     16.582    0.0         3319.64  0.00384    
 6000        -3.69448    0.03175     -3.66273    245.66   0.00053     0.0         4.048     4.048     4.048     16.582    0.0         2750.45  0.004      
 6500        -3.69036    0.03903     -3.65133    301.93   0.00063     0.0         4.048     4.048     4.048     16.582    0.0         2779.75  0.00439    
 7000        -3.69417    0.02916     -3.66501    225.57   0.00063     0.0         4.048     4.048     4.048     16.582    0.0         2401.44  0.00439    
 7500        -3.69397    0.03162     -3.66235    244.59   0.00059     0.0         4.048     4.048     4.048     16.582    0.0         2580.06  0.00426    
 8000        -3.69183    0.04138     -3.65045    320.13   0.00065     0.0         4.048     4.048     4.048     16.582    0.0         2818.21  0.00446    
 8500        -3.69203    0.04286     -3.64917    331.6    0.0007      0.0         4.048     4.048     4.048     16.582    0.0         2762.5   0.00463    
 9000        -3.69064    0.03239     -3.65825    250.59   0.00067     0.0         4.048     4.048     4.048     16.582    0.0         2465.18  0.00451    
 9500        -3.6929     0.04057     -3.65233    313.84   0.00066     0.0         4.048     4.048     4.048     16.582    0.0         2767.32  0.0045     
 10000       -3.70544    0.04097     -3.66447    316.97   0.00052     0.0         4.048     4.048     4.048     16.582    0.0         3136.42  0.00399    
 10500       -3.69077    0.04021     -3.65056    311.07   0.00067     0.0         4.048     4.048     4.048     16.582    0.0         2745.06  0.00451    
 11000       -3.69138    0.03523     -3.65615    272.58   0.00067     0.0         4.048     4.048     4.048     16.582    0.0         2568.83  0.00452    
 11500       -3.69524    0.03561     -3.65963    275.47   0.00084     0.0         4.048     4.048     4.048     16.582    0.0         2298.18  0.00507    
 12000       -3.69378    0.03349     -3.66029    259.06   0.00088     0.0         4.048     4.048     4.048     16.582    0.0         2185.49  0.00517    
 12500       -3.69869    0.03504     -3.66365    271.07   0.0009      0.0         4.048     4.048     4.048     16.582    0.0         2201.97  0.00525    
 13000       -3.69045    0.04768     -3.64277    368.88   0.00129     0.0         4.048     4.048     4.048     16.582    0.0         2149.53  0.00628    
 13500       -3.69005    0.03287     -3.65718    254.28   0.00156     0.0         4.048     4.048     4.048     16.582    0.0         1621.7   0.00691    
 14000       -3.68833    0.03654     -3.65179    282.72   0.002       0.0         4.048     4.048     4.048     16.582    0.0         1511.88  0.00781    
 14500       -3.68764    0.03539     -3.65225    273.79   0.00252     0.0         4.048     4.048     4.048     16.582    0.0         1325.03  0.00877    
 15000       -3.69061    0.03174     -3.65887    245.55   0.00248     0.0         4.048     4.048     4.048     16.582    0.0         1266.47  0.00869    
 15500       -3.69907    0.03218     -3.66689    248.96   0.00238     0.0         4.048     4.048     4.048     16.582    0.0         1301.85  0.00852    
 16000       -3.68859    0.03864     -3.64995    298.96   0.00272     0.0         4.048     4.048     4.048     16.582    0.0         1332.71  0.00912    
 16500       -3.69824    0.02985     -3.6684     230.89   0.00286     0.0         4.048     4.048     4.048     16.582    0.0         1142.59  0.00934    
 17000       -3.69607    0.03519     -3.66088    272.23   0.00313     0.0         4.048     4.048     4.048     16.582    0.0         1185.82  0.00978    
 17500       -3.69099    0.03554     -3.65545    274.98   0.00296     0.0         4.048     4.048     4.048     16.582    0.0         1226.01  0.0095     
 18000       -3.69036    0.02926     -3.66109    226.4    0.00265     0.0         4.048     4.048     4.048     16.582    0.0         1175.76  0.00899    
 18500       -3.69175    0.03728     -3.65447    288.42   0.00346     0.0         4.048     4.048     4.048     16.582    0.0         1160.72  0.01028    
 19000       -3.69808    0.02907     -3.66901    224.86   0.00338     0.0         4.048     4.048     4.048     16.582    0.0         1036.75  0.01016    
 19500       -3.70067    0.03796     -3.66271    293.65   0.00288     0.0         4.048     4.048     4.048     16.582    0.0         1284.87  0.00937    
 20000       -3.69813    0.03924     -3.65889    303.56   0.00317     0.0         4.048     4.048     4.048     16.582    0.0         1244.24  0.00984    
 20500       -3.70026    0.03588     -3.66438    277.59   0.00292     0.0         4.048     4.048     4.048     16.582    0.0         1239.23  0.00945    
 21000       -3.69551    0.03882     -3.65669    300.34   0.00312     0.0         4.048     4.048     4.048     16.582    0.0         1248.46  0.00975    
 21500       -3.69471    0.03398     -3.66073    262.92   0.00378     0.0         4.048     4.048     4.048     16.582    0.0         1060.66  0.01074    
 22000       -3.6892     0.04329     -3.64591    334.92   0.00308     0.0         4.048     4.048     4.048     16.582    0.0         1325.78  0.0097     
 22500       -3.69691    0.03711     -3.6598     287.07   0.00273     0.0         4.048     4.048     4.048     16.582    0.0         1305.18  0.00912    
 23000       -3.6946     0.03178     -3.66282    245.83   0.0023      0.0         4.048     4.048     4.048     16.582    0.0         1314.24  0.00838    
 23500       -3.69627    0.03498     -3.66129    270.64   0.00243     0.0         4.048     4.048     4.048     16.582    0.0         1341.44  0.00862    
 24000       -3.68799    0.03716     -3.65083    287.47   0.0023      0.0         4.048     4.048     4.048     16.582    0.0         1420.8   0.00839    
 24500       -3.69473    0.03715     -3.65758    287.4    0.00172     0.0         4.048     4.048     4.048     16.582    0.0         1644.38  0.00724    
 25000       -3.69233    0.0457      -3.64663    353.56   0.00158     0.0         4.048     4.048     4.048     16.582    0.0         1901.31  0.00695    
 25500       -3.69122    0.04345     -3.64777    336.16   0.00133     0.0         4.048     4.048     4.048     16.582    0.0         2018.51  0.00638    
 26000       -3.69357    0.03899     -3.65459    301.61   0.00157     0.0         4.048     4.048     4.048     16.582    0.0         1765.07  0.00691    
 26500       -3.69991    0.03627     -3.66364    280.58   0.00163     0.0         4.048     4.048     4.048     16.582    0.0         1667.59  0.00706    
 27000       -3.69317    0.03509     -3.65808    271.44   0.00168     0.0         4.048     4.048     4.048     16.582    0.0         1615.42  0.00717    
 27500       -3.69437    0.03539     -3.65898    273.82   0.00143     0.0         4.048     4.048     4.048     16.582    0.0         1759.01  0.00661    
 28000       -3.69518    0.04383     -3.65135    339.09   0.00164     0.0         4.048     4.048     4.048     16.582    0.0         1830.19  0.00707    
 28500       -3.69122    0.03923     -3.65199    303.48   0.00146     0.0         4.048     4.048     4.048     16.582    0.0         1830.87  0.00669    
 29000       -3.69692    0.04371     -3.6532     338.19   0.00135     0.0         4.048     4.048     4.048     16.582    0.0         2014.0   0.00642    
 29500       -3.69524    0.03119     -3.66404    241.33   0.00145     0.0         4.048     4.048     4.048     16.582    0.0         1638.81  0.00666    
 30000       -3.68523    0.03311     -3.65212    256.16   0.00162     0.0         4.048     4.048     4.048     16.582    0.0         1601.81  0.00702    
 30500       -3.69267    0.03464     -3.65803    268.01   0.00148     0.0         4.048     4.048     4.048     16.582    0.0         1712.71  0.00672    
 31000       -3.69051    0.03266     -3.65785    252.68   0.00166     0.0         4.048     4.048     4.048     16.582    0.0         1569.08  0.00712    
 31500       -3.68688    0.03863     -3.64825    298.85   0.0014      0.0         4.048     4.048     4.048     16.582    0.0         1856.8   0.00654    
 32000       -3.67941    0.02804     -3.65137    216.92   0.00132     0.0         4.048     4.048     4.048     16.582    0.0         1633.13  0.00634    
 32500       -3.68945    0.04632     -3.64313    358.35   0.00096     0.0         4.048     4.048     4.048     16.582    0.0         2451.37  0.00543    
 33000       -3.68693    0.03925     -3.64768    303.64   0.00108     0.0         4.048     4.048     4.048     16.582    0.0         2136.92  0.00573    
 33500       -3.69272    0.03958     -3.65315    306.17   0.00088     0.0         4.048     4.048     4.048     16.582    0.0         2375.67  0.00518    
 34000       -3.69648    0.03631     -3.66017    280.93   0.00098     0.0         4.048     4.048     4.048     16.582    0.0         2151.15  0.00547    
 34500       -3.69019    0.04498     -3.64521    347.99   0.0012      0.0         4.048     4.048     4.048     16.582    0.0         2164.21  0.00606    
 35000       -3.69622    0.0477      -3.64852    368.99   0.00113     0.0         4.048     4.048     4.048     16.582    0.0         2303.56  0.00586    
 35500       -3.68999    0.03691     -3.65308    285.58   0.00142     0.0         4.048     4.048     4.048     16.582    0.0         1802.58  0.00659    
 36000       -3.69186    0.03157     -3.66029    244.22   0.00169     0.0         4.048     4.048     4.048     16.582    0.0         1527.29  0.00719    
 36500       -3.69758    0.04178     -3.65581    323.19   0.00181     0.0         4.048     4.048     4.048     16.582    0.0         1698.8   0.00744    
 37000       -3.68859    0.04041     -3.64818    312.66   0.00219     0.0         4.048     4.048     4.048     16.582    0.0         1520.95  0.00817    
 37500       -3.69162    0.04054     -3.65108    313.67   0.00248     0.0         4.048     4.048     4.048     16.582    0.0         1430.93  0.0087     
 38000       -3.70069    0.04333     -3.65737    335.18   0.00284     0.0         4.048     4.048     4.048     16.582    0.0         1380.77  0.00932    
 38500       -3.68945    0.03582     -3.65363    277.1    0.00333     0.0         4.048     4.048     4.048     16.582    0.0         1160.13  0.01008    
 39000       -3.68551    0.03124     -3.65428    241.67   0.0033      0.0         4.048     4.048     4.048     16.582    0.0         1088.14  0.01004    
 39500       -3.69151    0.0358      -3.65571    276.98   0.0032      0.0         4.048     4.048     4.048     16.582    0.0         1183.04  0.00989    
 40000       -3.69833    0.03766     -3.66068    291.34   0.0036      0.0         4.048     4.048     4.048     16.582    0.0         1143.59  0.01049    
 40500       -3.69323    0.0391      -3.65413    302.52   0.00354     0.0         4.048     4.048     4.048     16.582    0.0         1176.66  0.01039    
 41000       -3.69843    0.04649     -3.65194    359.69   0.00441     0.0         4.048     4.048     4.048     16.582    0.0         1148.85  0.0116     
 41500       -3.69072    0.0401      -3.65062    310.2    0.00471     0.0         4.048     4.048     4.048     16.582    0.0         1032.52  0.01199    
 42000       -3.68632    0.03245     -3.65388    251.03   0.00494     0.0         4.048     4.048     4.048     16.582    0.0         906.88   0.01228    
 42500       -3.69761    0.03709     -3.66053    286.92   0.00429     0.0         4.048     4.048     4.048     16.582    0.0         1040.87  0.01143    
 43000       -3.69075    0.0346      -3.65616    267.64   0.00434     0.0         4.048     4.048     4.048     16.582    0.0         998.53   0.01151    
 43500       -3.6898     0.03527     -3.65453    272.85   0.00434     0.0         4.048     4.048     4.048     16.582    0.0         1008.47  0.01151    
 44000       -3.68957    0.04638     -3.6432     358.79   0.00411     0.0         4.048     4.048     4.048     16.582    0.0         1188.13  0.0112     
 44500       -3.69714    0.03473     -3.66241    268.69   0.00365     0.0         4.048     4.048     4.048     16.582    0.0         1090.73  0.01056    
 45000       -3.69274    0.03216     -3.66058    248.81   0.00343     0.0         4.048     4.048     4.048     16.582    0.0         1082.67  0.01024    
 45500       -3.68692    0.04221     -3.64471    326.56   0.00456     0.0         4.048     4.048     4.048     16.582    0.0         1076.98  0.01179    
 46000       -3.69635    0.04159     -3.65476    321.76   0.00443     0.0         4.048     4.048     4.048     16.582    0.0         1084.14  0.01163    
 46500       -3.67666    0.04155     -3.63511    321.48   0.00474     0.0         4.048     4.048     4.048     16.582    0.0         1047.11  0.01203    
 47000       -3.69215    0.03629     -3.65586    280.78   0.00418     0.0         4.048     4.048     4.048     16.582    0.0         1043.03  0.01129    
 47500       -3.69463    0.03836     -3.65627    296.74   0.00463     0.0         4.048     4.048     4.048     16.582    0.0         1018.3   0.01189    
 48000       -3.68949    0.04812     -3.64137    372.26   0.00482     0.0         4.048     4.048     4.048     16.582    0.0         1117.83  0.01213    
 48500       -3.69394    0.04104     -3.6529     317.5    0.00497     0.0         4.048     4.048     4.048     16.582    0.0         1016.81  0.01231    
 49000       -3.68842    0.03415     -3.65427    264.17   0.00529     0.0         4.048     4.048     4.048     16.582    0.0         898.52   0.01271    
 49500       -3.69912    0.04025     -3.65887    311.4    0.00524     0.0         4.048     4.048     4.048     16.582    0.0         980.38   0.01265    
 50000       -3.69482    0.03613     -3.65869    279.5    0.00559     0.0         4.048     4.048     4.048     16.582    0.0         899.19   0.01306    
 50500       -3.69225    0.04196     -3.65029    324.63   0.00541     0.0         4.048     4.048     4.048     16.582    0.0         985.03   0.01285    

Time averages:
             Epot        Ekin        Etot        Temp     MSD         Self_diff   Pressure    Spec_heat   DebyeT   Lindemann  
             eV/atom     eV/atom     eV/atom     K        Å^2         mm^2/s      GPa         J/(K*Kg)    K        1          
             -3.69268    0.03759     -3.65509    290.8    0.00272     0.0         0.0         482.34616   1461.2   0.00881    