Material ID: Si_MTP_10_10000_eq_0_offset_2000_ranfor_10000
Unit cell composition: Si8
Material:  Si
Site positions of initial unit cell:
 Si         
 0.00000    
 0.00000    
 0.00000    
Properties:
 Time        Epot        Ekin        Etot        Temp     MSD         Self_diff   LC_a      LC_b      LC_c      Volume      Pressure    DebyeT   Lindemann 
 fs          eV/atom     eV/atom     eV/atom     K        Å^2         mm^2/s      Å         Å         Å         Å^3/atom    GPa        K        1          
 100         -1.63933    222083151351.10217 222083151349.46283 1718112552731494.5 0.19151     0.00319     3.84      3.84      3.84      40.048    0.0         373439115.04 0.05698    
 200         -1.63933    182472211936.79092 182472211935.1516 1411668539220439.0 0.27634     0.0023      3.84      3.84      3.84      40.048    0.0         281799189.08 0.06844    
 300         -1.63933    149926315647.82416 149926315646.1848 1159882158246547.0 0.20345     0.00113     3.84      3.84      3.84      40.048    0.0         297694422.09 0.05873    
 400         -1.63933    123185345117.56943 123185345115.9301 953004703289964.1 0.18912     0.00079     3.84      3.84      3.84      40.048    0.0         279878980.0 0.05662    
 500         -1.63933    101213922299.77461 101213922298.1353 783026129431632.4 0.25859     0.00086     3.84      3.84      3.84      40.048    0.0         216959266.73 0.06621    
 600         -1.63933    83161322847.68658 83161322846.04726 643364937038739.6 0.22311     0.00062     3.84      3.84      3.84      40.048    0.0         211718344.99 0.0615     
 700         -1.63933    68328608369.46311 68328608367.82378 528613895453290.4 0.27161     0.00065     3.84      3.84      3.84      40.048    0.0         173935366.48 0.06785    
 800         -1.63933    56141467871.06647 56141467869.42714 434329934942056.9 0.25474     0.00053     3.84      3.84      3.84      40.048    0.0         162801718.1 0.06571    
 900         -1.63933    46128030124.00307 46128030122.36375 356862495451224.0 0.15136     0.00028     3.84      3.84      3.84      40.048    0.0         191444095.49 0.05065    
 1000        -1.63933    37900594506.44072 37900594504.8014 293212190034869.8 0.24349     0.00041     3.84      3.84      3.84      40.048    0.0         136817677.13 0.06425    
 1100        -1.63933    31140612535.92282 31140612534.28348 240914616765011.03 0.25078     0.00038     3.84      3.84      3.84      40.048    0.0         122202360.94 0.0652     
 1200        -1.63933    25586341279.60346 25586341277.96412 197944841216071.53 0.31369     0.00044     3.84      3.84      3.84      40.048    0.0         99040482.5 0.07292    
 1300        -1.63933    21022737643.59983 21022737641.9605 162639215170117.97 0.2545      0.00033     3.84      3.84      3.84      40.048    0.0         99670202.95 0.06568    
 1400        -1.63933    17273102812.84249 17273102811.20316 133630735095470.27 0.27812     0.00033     3.84      3.84      3.84      40.048    0.0         86423963.69 0.06866    
 1500        -1.63933    14192262417.574 14192262415.93467 109796281541158.45 0.25338     0.00028     3.84      3.84      3.84      40.048    0.0         82073000.7 0.06554    
 1600        -1.63933    11660923285.60656 11660923283.96722 90212961008310.05 0.19601     0.0002      3.84      3.84      3.84      40.048    0.0         84583805.47 0.05764    
 1700        -1.63933    9581079622.23731 9581079620.59798 74122566559140.97 0.28144     0.00028     3.84      3.84      3.84      40.048    0.0         63984887.72 0.06907    
 1800        -1.63933    7872187488.44318 7872187486.80384 60901982248834.44 0.20616     0.00019     3.84      3.84      3.84      40.048    0.0         67765031.18 0.05912    
 1900        -1.63933    6468099878.52991 6468099876.89058 50039471819518.3 0.23065     0.0002      3.84      3.84      3.84      40.048    0.0         58072832.8 0.06253    
 2000        -1.63933    5314443450.19803 5314443448.5587 41114384171051.1 0.19786     0.00016     3.84      3.84      3.84      40.048    0.0         56834809.23 0.05791    
 2100        -1.63933    4366554153.4115 4366554151.77217 33781182667466.24 0.25318     0.0002      3.84      3.84      3.84      40.048    0.0         45542525.97 0.06551    
 2200        -1.63933    3587732311.5978 3587732309.95847 27755945837833.42 0.21501     0.00016     3.84      3.84      3.84      40.048    0.0         44796446.7 0.06037    
 2300        -1.63933    2947818036.18221 2947818034.54288 22805346287282.92 0.21242     0.00015     3.84      3.84      3.84      40.048    0.0         40851993.6 0.06001    
 2400        -1.63933    2422042322.4396 2422042320.80026 18737762374650.12 0.16825     0.00012     3.84      3.84      3.84      40.048    0.0         41607784.45 0.05341    
 2500        -1.63933    1990044787.98249 1990044786.34316 15395679095552.58 0.29147     0.00019     3.84      3.84      3.84      40.048    0.0         28654528.25 0.07029    
 2600        -1.63933    1635097363.25587 1635097361.61654 12649682281870.86 0.31681     0.0002      3.84      3.84      3.84      40.048    0.0         24913559.02 0.07328    
 2700        -1.63933    1343460802.00388 1343460800.36455 10393480342758.74 0.21176     0.00013     3.84      3.84      3.84      40.048    0.0         27621665.03 0.05991    
 2800        -1.63933    1103841166.7206 1103841165.08127 8539699446925.32 0.24228     0.00014     3.84      3.84      3.84      40.048    0.0         23407785.86 0.06409    
 2900        -1.63933    906958562.34032 906958560.70099 7016547096365.23 0.26833     0.00015     3.84      3.84      3.84      40.048    0.0         20161593.81 0.06744    
 3000        -1.63933    745191135.29785 745191133.65852 5765057979186.1 0.24711     0.00014     3.84      3.84      3.84      40.048    0.0         19043737.7 0.06472    
 3100        -1.63933    612279378.24898 612279376.60965 4736806368012.62 0.28256     0.00015     3.84      3.84      3.84      40.048    0.0         16142933.6 0.06921    
 3200        -1.63933    503073271.99536 503073270.35603 3891949921912.21 0.25333     0.00013     3.84      3.84      3.84      40.048    0.0         15453819.46 0.06553    
 3300        -1.63933    413344582.01086 413344580.37153 3197777546994.84 0.26077     0.00013     3.84      3.84      3.84      40.048    0.0         13806578.63 0.06649    
 3400        -1.63933    339619790.59846 339619788.95913 2627416901432.44 0.25208     0.00012     3.84      3.84      3.84      40.048    0.0         12728956.85 0.06537    
 3500        -1.63933    279044948.60544 279044946.96611 2158788841290.2 0.26205     0.00012     3.84      3.84      3.84      40.048    0.0         11316343.4 0.06665    
 3600        -1.63933    229274297.70595 229274296.06662 1773745763741.13 0.14854     7e-05       3.84      3.84      3.84      40.048    0.0         13624633.23 0.05018    
 3700        -1.63933    188381189.7744 188381188.13507 1457382448334.41 0.22148     0.0001      3.84      3.84      3.84      40.048    0.0         10113680.71 0.06127    
 3800        -1.63933    154780605.76285 154780604.12352 1197436636064.85 0.25526     0.00011     3.84      3.84      3.84      40.048    0.0         8539511.61 0.06578    
 3900        -1.63933    127173717.11704 127173715.47771 983860137191.93 0.24425     0.0001      3.84      3.84      3.84      40.048    0.0         7912977.68 0.06435    
 4000        -1.63933    104491007.10093 104491005.4616 808378798010.86 0.27383     0.00011     3.84      3.84      3.84      40.048    0.0         6774221.01 0.06813    
 4100        -1.63933    85853951.97933 85853950.34 664196053144.48 0.24485     0.0001      3.84      3.84      3.84      40.048    0.0         6493680.95 0.06443    
 4200        -1.63933    70540532.57965 70540530.94032 545726110982.03 0.2258      9e-05       3.84      3.84      3.84      40.048    0.0         6129485.57 0.06187    
 4300        -1.63933    57959076.88339 57959075.24406 448391590862.54 0.19364     8e-05       3.84      3.84      3.84      40.048    0.0         5999592.27 0.05729    
 4400        -1.63933    47621434.73301 47621433.09367 368415993271.4 0.22601     9e-05       3.84      3.84      3.84      40.048    0.0         5033896.25 0.0619     
 4500        -1.63933    39127803.25227 39127801.61294 302706304010.7 0.21316     8e-05       3.84      3.84      3.84      40.048    0.0         4698451.08 0.06011    
 4600        -1.63933    32148900.75386 32148899.11453 248715085343.89 0.18396     7e-05       3.84      3.84      3.84      40.048    0.0         4584395.45 0.05584    
 4700        -1.63933    26414804.10272 26414802.46339 204354117954.16 0.24172     9e-05       3.84      3.84      3.84      40.048    0.0         3625175.29 0.06401    
 4800        -1.63933    21703239.02003 21703237.3807 167903810660.09 0.27639     0.0001      3.84      3.84      3.84      40.048    0.0         3073001.94 0.06845    
 4900        -1.63933    17831900.51014 17831898.87081 137953788565.84 0.28373     0.0001      3.84      3.84      3.84      40.048    0.0         2749205.44 0.06935    
 5000        -1.63933    14651297.15913 14651295.5198 113347534064.44 0.24974     8e-05       3.84      3.84      3.84      40.048    0.0         2656158.11 0.06507    
 5100        -1.63933    12037898.79026 12037897.15093 93129374714.96 0.2601      8e-05       3.84      3.84      3.84      40.048    0.0         2359217.97 0.0664     
 5200        -1.63933    9890991.87961 9890990.24028 76520155644.1 0.30704     0.0001      3.84      3.84      3.84      40.048    0.0         1968267.8 0.07214    
 5300        -1.63933    8126793.92579 8126792.28646 62871706261.43 0.25512     8e-05       3.84      3.84      3.84      40.048    0.0         1957249.96 0.06576    
 5400        -1.63933    6677208.97025 6677207.33092 51657212531.47 0.27216     8e-05       3.84      3.84      3.84      40.048    0.0         1717705.47 0.06792    
 5500        -1.63933    5486295.20791 5486293.56858 42443889180.05 0.21274     6e-05       3.84      3.84      3.84      40.048    0.0         1761051.25 0.06005    
 5600        -1.63933    4507726.61442 4507724.97509 34873341959.52 0.29191     9e-05       3.84      3.84      3.84      40.048    0.0         1362754.78 0.07034    
 5700        -1.63933    3703713.43488 3703711.79555 28653216173.67 0.21894     6e-05       3.84      3.84      3.84      40.048    0.0         1426323.78 0.06092    
 5800        -1.63933    3043059.70683 3043058.0675 23542168999.36 0.27301     8e-05       3.84      3.84      3.84      40.048    0.0         1157778.16 0.06803    
 5900        -1.63933    2500326.13217 2500324.49284 19343393172.64 0.23007     6e-05       3.84      3.84      3.84      40.048    0.0         1143230.67 0.06245    
 6000        -1.63933    2054419.36467 2054417.72534 15893703225.76 0.28211     8e-05       3.84      3.84      3.84      40.048    0.0         935835.43 0.06915    
 6100        -1.63933    1688003.27103 1688001.63169 13058980797.77 0.26423     7e-05       3.84      3.84      3.84      40.048    0.0         876515.1 0.06693    
 6200        -1.63933    1386908.52447 1386906.88513 10729607045.28 0.24865     7e-05       3.84      3.84      3.84      40.048    0.0         819017.98 0.06492    
 6300        -1.63933    1139535.01304 1139533.3737 8815839464.92 0.30499     8e-05       3.84      3.84      3.84      40.048    0.0         670316.86 0.0719     
 6400        -1.63933    936261.84146 936260.20213 7243247462.36 0.26989     7e-05       3.84      3.84      3.84      40.048    0.0         645908.59 0.06764    
 6500        -1.63933    769254.21911 769252.57978 5951218370.46 0.24263     6e-05       3.84      3.84      3.84      40.048    0.0         617481.59 0.06413    
 6600        -1.63933    632068.32817 632066.68884 4889900571.96 0.26389     7e-05       3.84      3.84      3.84      40.048    0.0         536702.42 0.06688    
 6700        -1.63933    519291.01449 519289.37516 4017416022.31 0.22617     6e-05       3.84      3.84      3.84      40.048    0.0         525470.55 0.06192    
 6800        -1.63933    426674.79655 426673.15722 3300904726.11 0.28547     7e-05       3.84      3.84      3.84      40.048    0.0         423965.55 0.06956    
 6900        -1.63933    350556.09653 350554.4572 2712023970.38 0.16658     4e-05       3.84      3.84      3.84      40.048    0.0         503076.68 0.05314    
 7000        -1.63933    288014.32132 288012.68199 2228179030.32 0.22101     5e-05       3.84      3.84      3.84      40.048    0.0         395881.95 0.06121    
 7100        -1.63933    236653.90238 236652.26305 1830836953.89 0.29241     7e-05       3.84      3.84      3.84      40.048    0.0         311977.93 0.0704     
 7200        -1.63933    194448.82501 194447.18568 1504323786.33 0.35179     8e-05       3.84      3.84      3.84      40.048    0.0         257825.01 0.07722    
 7300        -1.63933    159769.74261 159768.10328 1236034335.15 0.34824     8e-05       3.84      3.84      3.84      40.048    0.0         234892.48 0.07683    
 7400        -1.63933    131272.68874 131271.04941 1015571208.3 0.2817      6e-05       3.84      3.84      3.84      40.048    0.0         236733.41 0.0691     
 7500        -1.63933    107851.38817 107849.74884 834375875.5 0.30399     7e-05       3.84      3.84      3.84      40.048    0.0         206560.52 0.07178    
 7600        -1.63933    88626.94024 88625.30091 685648855.43 0.29687     7e-05       3.84      3.84      3.84      40.048    0.0         189479.83 0.07094    
 7700        -1.63933    72821.38935 72819.75002 563371612.79 0.35082     8e-05       3.84      3.84      3.84      40.048    0.0         157998.18 0.07712    
 7800        -1.63933    59834.94699 59833.30766 462903974.92 0.28338     6e-05       3.84      3.84      3.84      40.048    0.0         159350.81 0.06931    
 7900        -1.63933    49156.54055 49154.90122 380292106.15 0.27758     6e-05       3.84      3.84      3.84      40.048    0.0         145935.74 0.0686     
 8000        -1.63933    40389.47486 40387.83553 312467034.7 0.24265     5e-05       3.84      3.84      3.84      40.048    0.0         141484.78 0.06413    

Time averages:
             Epot        Ekin        Etot        Temp     MSD         Self_diff   Pressure    Spec_heat   DebyeT   Lindemann  
             eV/atom     eV/atom     eV/atom     K        Å^2         mm^2/s      GPa         J/(K*Kg)    K        1          
             -1.63933    15564176533.5587 15564176531.91937 120409886623771.72 0.2509      0.0002      0.0         -124.90274  45613048.28 0.06498    