Material ID: Al_MTP_06_100_eq_0_ranfor_10000
Unit cell composition: Al32
Material:  Al
Site positions of initial unit cell:
 Al          Al          Al          Al         
 0.00000     0.00000     2.02395     2.02395    
 0.00000     2.02395     0.00000     2.02395    
 0.00000     2.02395     2.02395     0.00000    
Properties:
 Time        Epot        Ekin        Etot        Temp     MSD         Self_diff   LC_a      LC_b      LC_c      Volume      Pressure    DebyeT   Lindemann 
 fs          eV/atom     eV/atom     eV/atom     K        Å^2         mm^2/s      Å         Å         Å         Å^3/atom    GPa        K        1          
 100         -3.72864    0.03695     -3.69169    285.88   0.0         0.0         4.048     4.048     4.048     16.582    0.0         inf      0.0        
 200         -3.70181    0.0243      -3.67751    187.96   0.02112     0.00018     4.048     4.048     4.048     16.582    0.0         379.51   0.02538    
 300         -3.69594    0.03052     -3.66542    236.08   0.02166     0.00012     4.048     4.048     4.048     16.582    0.0         419.94   0.02571    
 400         -3.69313    0.03425     -3.65888    265.0    0.02327     0.0001      4.048     4.048     4.048     16.582    0.0         429.25   0.02665    
 500         -3.69512    0.03499     -3.66013    270.69   0.02167     7e-05       4.048     4.048     4.048     16.582    0.0         449.61   0.02571    
 600         -3.69552    0.03736     -3.65816    289.01   0.02195     6e-05       4.048     4.048     4.048     16.582    0.0         461.55   0.02588    
 700         -3.68571    0.03741     -3.6483     289.43   0.02835     7e-05       4.048     4.048     4.048     16.582    0.0         406.44   0.02941    
 800         -3.69114    0.05237     -3.63877    405.14   0.02749     6e-05       4.048     4.048     4.048     16.582    0.0         488.34   0.02896    
 900         -3.69485    0.046       -3.64885    355.91   0.02362     4e-05       4.048     4.048     4.048     16.582    0.0         493.76   0.02685    
 1000        -3.69105    0.03411     -3.65694    263.86   0.02437     4e-05       4.048     4.048     4.048     16.582    0.0         418.58   0.02727    
 1100        -3.69686    0.03662     -3.66025    283.28   0.02408     4e-05       4.048     4.048     4.048     16.582    0.0         436.3    0.02711    
 1200        -3.70378    0.03446     -3.66932    266.57   0.01736     2e-05       4.048     4.048     4.048     16.582    0.0         498.48   0.02302    
 1300        -3.69964    0.03997     -3.65967    309.21   0.01945     2e-05       4.048     4.048     4.048     16.582    0.0         507.23   0.02436    
 1400        -3.68984    0.02601     -3.66382    201.25   0.0263      3e-05       4.048     4.048     4.048     16.582    0.0         351.9    0.02833    
 1500        -3.69634    0.03879     -3.65755    300.09   0.02561     3e-05       4.048     4.048     4.048     16.582    0.0         435.47   0.02795    
 1600        -3.69914    0.03657     -3.66257    282.94   0.02014     2e-05       4.048     4.048     4.048     16.582    0.0         476.82   0.02479    
 1700        -3.70459    0.03302     -3.67156    255.49   0.01518     1e-05       4.048     4.048     4.048     16.582    0.0         521.92   0.02152    
 1800        -3.69646    0.03181     -3.66465    246.09   0.02493     2e-05       4.048     4.048     4.048     16.582    0.0         399.67   0.02758    
 1900        -3.70223    0.03018     -3.67204    233.5    0.01955     2e-05       4.048     4.048     4.048     16.582    0.0         439.57   0.02443    
 2000        -3.69304    0.02838     -3.66466    219.58   0.02867     2e-05       4.048     4.048     4.048     16.582    0.0         352.02   0.02958    
 2100        -3.69405    0.04475     -3.64929    346.24   0.02608     2e-05       4.048     4.048     4.048     16.582    0.0         463.52   0.02821    
 2200        -3.69314    0.04855     -3.64459    375.61   0.03076     2e-05       4.048     4.048     4.048     16.582    0.0         444.49   0.03064    
 2300        -3.69452    0.04175     -3.65277    322.98   0.02426     2e-05       4.048     4.048     4.048     16.582    0.0         464.1    0.02721    
 2400        -3.6969     0.04487     -3.65203    347.14   0.02275     2e-05       4.048     4.048     4.048     16.582    0.0         496.85   0.02635    
 2500        -3.69554    0.02934     -3.6662     226.98   0.0238      2e-05       4.048     4.048     4.048     16.582    0.0         392.81   0.02695    
 2600        -3.69381    0.0333      -3.66051    257.63   0.02371     2e-05       4.048     4.048     4.048     16.582    0.0         419.3    0.0269     
 2700        -3.68964    0.03258     -3.65706    252.06   0.02407     1e-05       4.048     4.048     4.048     16.582    0.0         411.66   0.0271     
 2800        -3.69102    0.02979     -3.66123    230.46   0.02861     2e-05       4.048     4.048     4.048     16.582    0.0         361.05   0.02955    
 2900        -3.69911    0.03137     -3.66774    242.7    0.02505     1e-05       4.048     4.048     4.048     16.582    0.0         395.9    0.02765    
 3000        -3.6955     0.03478     -3.66072    269.05   0.02355     1e-05       4.048     4.048     4.048     16.582    0.0         429.91   0.02681    
 3100        -3.70277    0.03902     -3.66375    301.85   0.01643     1e-05       4.048     4.048     4.048     16.582    0.0         545.22   0.02239    
 3200        -3.69102    0.03123     -3.65979    241.61   0.02656     1e-05       4.048     4.048     4.048     16.582    0.0         383.67   0.02847    
 3300        -3.69656    0.0345      -3.66206    266.91   0.0218      1e-05       4.048     4.048     4.048     16.582    0.0         445.05   0.02579    
 3400        -3.6897     0.03188     -3.65782    246.63   0.02578     1e-05       4.048     4.048     4.048     16.582    0.0         393.43   0.02805    
 3500        -3.68129    0.03872     -3.64257    299.58   0.03217     2e-05       4.048     4.048     4.048     16.582    0.0         388.18   0.03133    
 3600        -3.68103    0.04931     -3.63172    381.48   0.02791     1e-05       4.048     4.048     4.048     16.582    0.0         470.29   0.02918    
 3700        -3.67178    0.04473     -3.62705    346.04   0.04158     2e-05       4.048     4.048     4.048     16.582    0.0         366.95   0.03562    
 3800        -3.69068    0.04559     -3.64508    352.74   0.0266      1e-05       4.048     4.048     4.048     16.582    0.0         463.19   0.02849    
 3900        -3.69122    0.04978     -3.64145    385.08   0.02757     1e-05       4.048     4.048     4.048     16.582    0.0         475.38   0.02901    
 4000        -3.67979    0.03707     -3.64271    286.82   0.03916     2e-05       4.048     4.048     4.048     16.582    0.0         344.23   0.03457    
 4100        -3.6864     0.04086     -3.64554    316.12   0.03127     1e-05       4.048     4.048     4.048     16.582    0.0         404.42   0.03089    
 4200        -3.6813     0.03163     -3.64968    244.66   0.03382     1e-05       4.048     4.048     4.048     16.582    0.0         342.11   0.03213    
 4300        -3.69869    0.03143     -3.66726    243.13   0.02326     1e-05       4.048     4.048     4.048     16.582    0.0         411.28   0.02664    
 4400        -3.69063    0.03102     -3.65961    240.0    0.02574     1e-05       4.048     4.048     4.048     16.582    0.0         388.4    0.02803    
 4500        -3.69262    0.03221     -3.66041    249.23   0.02758     1e-05       4.048     4.048     4.048     16.582    0.0         382.38   0.02901    
 4600        -3.69885    0.03585     -3.663      277.37   0.01979     1e-05       4.048     4.048     4.048     16.582    0.0         476.25   0.02457    
 4700        -3.69734    0.025       -3.67234    193.44   0.02408     1e-05       4.048     4.048     4.048     16.582    0.0         360.51   0.02711    
 4800        -3.68815    0.03069     -3.65746    237.42   0.02928     1e-05       4.048     4.048     4.048     16.582    0.0         362.22   0.02989    
 4900        -3.68483    0.03602     -3.64882    278.63   0.02792     1e-05       4.048     4.048     4.048     16.582    0.0         401.81   0.02919    
 5000        -3.69561    0.04371     -3.65189    338.18   0.02471     1e-05       4.048     4.048     4.048     16.582    0.0         470.57   0.02746    
 5100        -3.69568    0.03854     -3.65713    298.19   0.02503     1e-05       4.048     4.048     4.048     16.582    0.0         439.05   0.02764    
 5200        -3.70089    0.03162     -3.66928    244.59   0.02071     1e-05       4.048     4.048     4.048     16.582    0.0         437.17   0.02514    
 5300        -3.68955    0.0341      -3.65545    263.78   0.03335     1e-05       4.048     4.048     4.048     16.582    0.0         357.72   0.0319     
 5400        -3.69544    0.04028     -3.65515    311.66   0.02257     1e-05       4.048     4.048     4.048     16.582    0.0         472.72   0.02624    
 5500        -3.69004    0.04209     -3.64795    325.62   0.0255      1e-05       4.048     4.048     4.048     16.582    0.0         454.58   0.02789    
 5600        -3.68569    0.05151     -3.63418    398.47   0.03126     1e-05       4.048     4.048     4.048     16.582    0.0         454.16   0.03088    
 5700        -3.69372    0.04776     -3.64595    369.52   0.02348     1e-05       4.048     4.048     4.048     16.582    0.0         504.62   0.02677    
 5800        -3.69869    0.03345     -3.66524    258.77   0.02073     1e-05       4.048     4.048     4.048     16.582    0.0         449.39   0.02515    
 5900        -3.69203    0.03423     -3.6578     264.79   0.02864     1e-05       4.048     4.048     4.048     16.582    0.0         386.8    0.02956    
 6000        -3.7034     0.03526     -3.66814    272.79   0.01931     1e-05       4.048     4.048     4.048     16.582    0.0         478.12   0.02427    
 6100        -3.7063     0.03972     -3.66657    307.32   0.01683     0.0         4.048     4.048     4.048     16.582    0.0         543.53   0.02266    
 6200        -3.6969     0.03648     -3.66041    282.25   0.02013     1e-05       4.048     4.048     4.048     16.582    0.0         476.31   0.02478    
 6300        -3.69655    0.02901     -3.66754    224.43   0.02069     1e-05       4.048     4.048     4.048     16.582    0.0         418.92   0.02513    
 6400        -3.70037    0.02863     -3.67174    221.47   0.02035     1e-05       4.048     4.048     4.048     16.582    0.0         419.59   0.02492    
 6500        -3.69803    0.03269     -3.66534    252.91   0.02176     1e-05       4.048     4.048     4.048     16.582    0.0         433.69   0.02577    
 6600        -3.69805    0.02995     -3.66811    231.67   0.02548     1e-05       4.048     4.048     4.048     16.582    0.0         383.55   0.02788    
 6700        -3.69662    0.03706     -3.65956    286.72   0.02425     1e-05       4.048     4.048     4.048     16.582    0.0         437.37   0.0272     
 6800        -3.68812    0.03112     -3.657      240.76   0.02685     1e-05       4.048     4.048     4.048     16.582    0.0         380.91   0.02862    
 6900        -3.69491    0.04428     -3.65063    342.57   0.02332     1e-05       4.048     4.048     4.048     16.582    0.0         487.54   0.02668    
 7000        -3.68702    0.04782     -3.6392     369.93   0.0279      1e-05       4.048     4.048     4.048     16.582    0.0         463.22   0.02918    
 7100        -3.69783    0.04502     -3.65282    348.28   0.0231      1e-05       4.048     4.048     4.048     16.582    0.0         493.88   0.02655    
 7200        -3.69229    0.04462     -3.64767    345.18   0.02735     1e-05       4.048     4.048     4.048     16.582    0.0         451.91   0.02889    
 7300        -3.69531    0.03317     -3.66214    256.6    0.02653     1e-05       4.048     4.048     4.048     16.582    0.0         395.61   0.02845    
 7400        -3.68665    0.04756     -3.63909    367.92   0.03211     1e-05       4.048     4.048     4.048     16.582    0.0         430.6    0.0313     
 7500        -3.6893     0.04697     -3.64233    363.41   0.02871     1e-05       4.048     4.048     4.048     16.582    0.0         452.55   0.0296     
 7600        -3.68896    0.04729     -3.64167    365.83   0.02983     1e-05       4.048     4.048     4.048     16.582    0.0         445.45   0.03017    
 7700        -3.68674    0.039       -3.64773    301.75   0.03427     1e-05       4.048     4.048     4.048     16.582    0.0         377.46   0.03234    
 7800        -3.69311    0.02804     -3.66507    216.9    0.02446     1e-05       4.048     4.048     4.048     16.582    0.0         378.77   0.02732    
 7900        -3.6918     0.03787     -3.65393    292.97   0.02616     1e-05       4.048     4.048     4.048     16.582    0.0         425.68   0.02825    
 8000        -3.68981    0.0284      -3.66141    219.7    0.03417     1e-05       4.048     4.048     4.048     16.582    0.0         322.55   0.03229    
 8100        -3.68864    0.03197     -3.65666    247.36   0.03146     1e-05       4.048     4.048     4.048     16.582    0.0         356.67   0.03099    
 8200        -3.69144    0.03733     -3.65411    288.76   0.02659     1e-05       4.048     4.048     4.048     16.582    0.0         419.17   0.02849    
 8300        -3.69725    0.03306     -3.66419    255.76   0.02157     0.0         4.048     4.048     4.048     16.582    0.0         438.0    0.02566    
 8400        -3.69269    0.02804     -3.66464    216.96   0.02382     0.0         4.048     4.048     4.048     16.582    0.0         383.86   0.02696    
 8500        -3.69882    0.03571     -3.66311    276.24   0.02158     0.0         4.048     4.048     4.048     16.582    0.0         455.06   0.02566    
 8600        -3.70387    0.03516     -3.66871    272.0    0.01814     0.0         4.048     4.048     4.048     16.582    0.0         492.54   0.02353    
 8700        -3.69022    0.03891     -3.65131    301.02   0.02459     0.0         4.048     4.048     4.048     16.582    0.0         445.04   0.02739    
 8800        -3.69219    0.03947     -3.65272    305.35   0.0221      0.0         4.048     4.048     4.048     16.582    0.0         472.81   0.02597    
 8900        -3.69897    0.03908     -3.65989    302.36   0.02073     0.0         4.048     4.048     4.048     16.582    0.0         485.79   0.02515    
 9000        -3.69086    0.04179     -3.64907    323.34   0.02398     0.0         4.048     4.048     4.048     16.582    0.0         467.05   0.02705    
 9100        -3.68774    0.03809     -3.64965    294.66   0.03015     1e-05       4.048     4.048     4.048     16.582    0.0         397.64   0.03033    
 9200        -3.68644    0.03232     -3.65412    250.04   0.03212     1e-05       4.048     4.048     4.048     16.582    0.0         354.92   0.03131    
 9300        -3.69647    0.03143     -3.66504    243.14   0.0209      0.0         4.048     4.048     4.048     16.582    0.0         433.81   0.02526    
 9400        -3.69112    0.02953     -3.66158    228.48   0.02579     0.0         4.048     4.048     4.048     16.582    0.0         378.61   0.02805    
 9500        -3.69733    0.03774     -3.65959    291.99   0.02484     0.0         4.048     4.048     4.048     16.582    0.0         436.11   0.02753    
 9600        -3.68909    0.03374     -3.65535    261.03   0.02824     0.0         4.048     4.048     4.048     16.582    0.0         386.73   0.02936    
 9700        -3.69083    0.03317     -3.65766    256.61   0.02609     0.0         4.048     4.048     4.048     16.582    0.0         398.94   0.02821    
 9800        -3.69635    0.03534     -3.66102    273.37   0.02769     0.0         4.048     4.048     4.048     16.582    0.0         399.69   0.02907    
 9900        -3.67829    0.03681     -3.64148    284.74   0.03769     1e-05       4.048     4.048     4.048     16.582    0.0         349.64   0.03391    
 10000       -3.68295    0.02905     -3.65391    224.72   0.0306      1e-05       4.048     4.048     4.048     16.582    0.0         344.68   0.03056    
 10100       -3.68607    0.04023     -3.64585    311.2    0.03195     1e-05       4.048     4.048     4.048     16.582    0.0         397.02   0.03122    

Time averages:
             Epot        Ekin        Etot        Temp     MSD         Self_diff   Pressure    Spec_heat   DebyeT   Lindemann  
             eV/atom     eV/atom     eV/atom     K        Å^2         mm^2/s      GPa         J/(K*Kg)    K        1          
             -3.69307    0.0366      -3.65647    283.15   0.02556     2e-05       0.0         502.23603   426.69   0.02781    