Material ID: Al_MTP_06_1000_eq_2000_ranfor_10000
Unit cell composition: Al32
Material:  Al
Site positions of initial unit cell:
 Al          Al          Al          Al         
 0.00000     0.00000     2.02395     2.02395    
 0.00000     2.02395     0.00000     2.02395    
 0.00000     2.02395     2.02395     0.00000    
Properties:
 Time        Epot        Ekin        Etot        Temp     MSD         Self_diff   LC_a      LC_b      LC_c      Volume      Pressure    DebyeT   Lindemann 
 fs          eV/atom     eV/atom     eV/atom     K        Å^2         mm^2/s      Å         Å         Å         Å^3/atom    GPa        K        1          
 100         -3.72936    0.03282     -3.69653    253.93   0.0         0.0         4.048     4.048     4.048     16.582    0.0         inf      0.0        
 200         -3.70152    0.04437     -3.65715    343.24   0.01654     0.00014     4.048     4.048     4.048     16.582    0.0         579.52   0.02246    
 300         -3.68676    0.03045     -3.65631    235.54   0.02927     0.00016     4.048     4.048     4.048     16.582    0.0         360.82   0.02989    
 400         -3.6866     0.0341      -3.6525     263.81   0.0306      0.00013     4.048     4.048     4.048     16.582    0.0         373.52   0.03056    
 500         -3.69417    0.04258     -3.65159    329.41   0.02786     9e-05       4.048     4.048     4.048     16.582    0.0         437.41   0.02916    
 600         -3.69631    0.03244     -3.66387    250.95   0.02069     6e-05       4.048     4.048     4.048     16.582    0.0         442.97   0.02513    
 700         -3.69092    0.02798     -3.66295    216.45   0.02814     7e-05       4.048     4.048     4.048     16.582    0.0         352.78   0.0293     
 800         -3.69546    0.04719     -3.64828    365.06   0.02151     4e-05       4.048     4.048     4.048     16.582    0.0         524.07   0.02562    
 900         -3.69387    0.04481     -3.64906    346.63   0.02342     4e-05       4.048     4.048     4.048     16.582    0.0         489.36   0.02673    
 1000        -3.70168    0.03492     -3.66676    270.16   0.01936     3e-05       4.048     4.048     4.048     16.582    0.0         475.13   0.02431    
 1100        -3.693      0.03999     -3.65302    309.35   0.02178     3e-05       4.048     4.048     4.048     16.582    0.0         479.39   0.02578    
 1200        -3.69308    0.0402      -3.65288    310.98   0.02464     3e-05       4.048     4.048     4.048     16.582    0.0         451.93   0.02742    
 1300        -3.69638    0.04173     -3.65465    322.82   0.02456     3e-05       4.048     4.048     4.048     16.582    0.0         461.15   0.02738    
 1400        -3.70431    0.0348      -3.66951    269.23   0.01735     2e-05       4.048     4.048     4.048     16.582    0.0         501.02   0.02301    
 1500        -3.70014    0.03701     -3.66314    286.29   0.01787     2e-05       4.048     4.048     4.048     16.582    0.0         509.14   0.02335    
 1600        -3.69927    0.04879     -3.65048    377.45   0.0239      2e-05       4.048     4.048     4.048     16.582    0.0         505.47   0.02701    
 1700        -3.7005     0.04314     -3.65736    333.73   0.0197      2e-05       4.048     4.048     4.048     16.582    0.0         523.52   0.02452    
 1800        -3.69477    0.03612     -3.65865    279.43   0.02419     2e-05       4.048     4.048     4.048     16.582    0.0         432.35   0.02717    
 1900        -3.68423    0.05428     -3.62996    419.89   0.03433     3e-05       4.048     4.048     4.048     16.582    0.0         444.86   0.03237    
 2000        -3.68756    0.04031     -3.64724    311.87   0.03256     3e-05       4.048     4.048     4.048     16.582    0.0         393.67   0.03152    
 2100        -3.68855    0.04096     -3.64759    316.9    0.02993     2e-05       4.048     4.048     4.048     16.582    0.0         413.91   0.03022    
 2200        -3.69765    0.04413     -3.65352    341.4    0.02392     2e-05       4.048     4.048     4.048     16.582    0.0         480.56   0.02702    
 2300        -3.69434    0.03903     -3.65531    301.98   0.02773     2e-05       4.048     4.048     4.048     16.582    0.0         419.77   0.02909    
 2400        -3.68619    0.04361     -3.64258    337.39   0.02898     2e-05       4.048     4.048     4.048     16.582    0.0         434.05   0.02974    
 2500        -3.68077    0.05564     -3.62513    430.48   0.03926     3e-05       4.048     4.048     4.048     16.582    0.0         421.21   0.03461    
 2600        -3.67731    0.03132     -3.646      242.27   0.03666     2e-05       4.048     4.048     4.048     16.582    0.0         327.01   0.03345    
 2700        -3.69204    0.03434     -3.6577     265.65   0.02852     2e-05       4.048     4.048     4.048     16.582    0.0         388.21   0.0295     
 2800        -3.68693    0.03513     -3.65181    271.75   0.02914     2e-05       4.048     4.048     4.048     16.582    0.0         388.44   0.02982    
 2900        -3.6924     0.03467     -3.65773    268.23   0.02377     1e-05       4.048     4.048     4.048     16.582    0.0         427.31   0.02693    
 3000        -3.7007     0.03319     -3.66751    256.8    0.01735     1e-05       4.048     4.048     4.048     16.582    0.0         489.31   0.02301    
 3100        -3.69657    0.046       -3.65056    355.88   0.02317     1e-05       4.048     4.048     4.048     16.582    0.0         498.58   0.02659    
 3200        -3.69888    0.03682     -3.66206    284.85   0.02083     1e-05       4.048     4.048     4.048     16.582    0.0         470.36   0.02521    
 3300        -3.69548    0.0349      -3.66058    270.01   0.02291     1e-05       4.048     4.048     4.048     16.582    0.0         436.73   0.02644    
 3400        -3.68879    0.03634     -3.65245    281.17   0.02837     1e-05       4.048     4.048     4.048     16.582    0.0         400.49   0.02942    
 3500        -3.68584    0.03554     -3.6503     274.95   0.0286      1e-05       4.048     4.048     4.048     16.582    0.0         394.43   0.02954    
 3600        -3.68188    0.03282     -3.64906    253.91   0.03119     1e-05       4.048     4.048     4.048     16.582    0.0         362.94   0.03085    
 3700        -3.69068    0.03192     -3.65876    246.96   0.02339     1e-05       4.048     4.048     4.048     16.582    0.0         413.31   0.02672    
 3800        -3.69689    0.03647     -3.66042    282.11   0.02291     1e-05       4.048     4.048     4.048     16.582    0.0         446.32   0.02644    
 3900        -3.69185    0.03596     -3.65589    278.24   0.02933     1e-05       4.048     4.048     4.048     16.582    0.0         391.77   0.02992    
 4000        -3.67979    0.04752     -3.63227    367.61   0.03715     2e-05       4.048     4.048     4.048     16.582    0.0         400.12   0.03367    
 4100        -3.69072    0.0418      -3.64892    323.36   0.02842     1e-05       4.048     4.048     4.048     16.582    0.0         429.05   0.02945    
 4200        -3.69746    0.03553     -3.66193    274.86   0.02786     1e-05       4.048     4.048     4.048     16.582    0.0         399.52   0.02916    
 4300        -3.69479    0.03391     -3.66088    262.31   0.02513     1e-05       4.048     4.048     4.048     16.582    0.0         411.0    0.02769    
 4400        -3.68881    0.02664     -3.66217    206.1    0.02815     1e-05       4.048     4.048     4.048     16.582    0.0         344.21   0.02931    
 4500        -3.68431    0.03808     -3.64623    294.6    0.03393     1e-05       4.048     4.048     4.048     16.582    0.0         374.85   0.03217    
 4600        -3.69617    0.05057     -3.64561    391.19   0.02837     1e-05       4.048     4.048     4.048     16.582    0.0         472.33   0.02942    
 4700        -3.69013    0.03312     -3.65701    256.24   0.02731     1e-05       4.048     4.048     4.048     16.582    0.0         389.65   0.02887    
 4800        -3.69694    0.0328      -3.66414    253.73   0.02238     1e-05       4.048     4.048     4.048     16.582    0.0         428.3    0.02613    
