Material ID: Si_MTP_06_1_eq_0_offset_2000_ranfor_10000
Unit cell composition: Si8
Material:  Si
Site positions of initial unit cell:
 Si         
 0.00000    
 0.00000    
 0.00000    
Properties:
 Time        Epot        Ekin        Etot        Temp     MSD         Self_diff   LC_a      LC_b      LC_c      Volume      Pressure    DebyeT   Lindemann 
 fs          eV/atom     eV/atom     eV/atom     K        Å^2         mm^2/s      Å         Å         Å         Å^3/atom    GPa        K        1          
 100         -2.56946    0.02237     -2.54709    173.08   0.00249     4e-05       3.84      3.84      3.84      40.048    0.0         1038.73  0.0065     
 200         -2.57477    0.03948     -2.53529    305.46   0.00086     1e-05       3.84      3.84      3.84      40.048    0.0         2348.37  0.00382    
 300         -2.57748    0.0388      -2.53868    300.18   0.00158     1e-05       3.84      3.84      3.84      40.048    0.0         1720.71  0.00517    
 400         -2.57593    0.02864     -2.54729    221.57   0.00118     0.0         3.84      3.84      3.84      40.048    0.0         1711.17  0.00447    
 500         -2.59411    0.03871     -2.5554     299.47   0.00119     0.0         3.84      3.84      3.84      40.048    0.0         1975.44  0.0045     
 600         -2.57335    0.02431     -2.54904    188.07   0.00173     0.0         3.84      3.84      3.84      40.048    0.0         1299.11  0.00542    
 700         -2.56437    0.03307     -2.5313     255.81   0.00148     0.0         3.84      3.84      3.84      40.048    0.0         1639.14  0.00501    
 800         -2.56044    0.03371     -2.52673    260.8    0.00204     0.0         3.84      3.84      3.84      40.048    0.0         1410.4   0.00588    
 900         -2.56122    0.04436     -2.51686    343.18   0.00267     0.0         3.84      3.84      3.84      40.048    0.0         1412.56  0.00673    
 1000        -2.56168    0.03436     -2.52732    265.8    0.00112     0.0         3.84      3.84      3.84      40.048    0.0         1919.02  0.00436    
 1100        -2.57409    0.03637     -2.53772    281.4    0.00209     0.0         3.84      3.84      3.84      40.048    0.0         1448.35  0.00595    
 1200        -2.5663     0.01908     -2.54722    147.64   0.00093     0.0         3.84      3.84      3.84      40.048    0.0         1574.6   0.00396    
 1300        -2.5803     0.01583     -2.56447    122.44   0.00179     0.0         3.84      3.84      3.84      40.048    0.0         1029.92  0.00552    
 1400        -2.56816    0.02721     -2.54095    210.5    0.0026      0.0         3.84      3.84      3.84      40.048    0.0         1122.66  0.00663    
 1500        -2.57053    0.04454     -2.526      344.56   0.00157     0.0         3.84      3.84      3.84      40.048    0.0         1849.25  0.00515    
 1600        -2.57226    0.03691     -2.53535    285.57   0.00183     0.0         3.84      3.84      3.84      40.048    0.0         1556.66  0.00557    
 1700        -2.57236    0.02206     -2.5503     170.64   0.0018      0.0         3.84      3.84      3.84      40.048    0.0         1214.48  0.00552    
 1800        -2.57799    0.02697     -2.55102    208.62   0.00107     0.0         3.84      3.84      3.84      40.048    0.0         1740.72  0.00426    
 1900        -2.56535    0.03294     -2.53241    254.85   0.00185     0.0         3.84      3.84      3.84      40.048    0.0         1462.41  0.0056     
 2000        -2.56384    0.03436     -2.52947    265.85   0.00192     0.0         3.84      3.84      3.84      40.048    0.0         1468.29  0.0057     
 2100        -2.55779    0.01961     -2.53818    151.72   0.00209     0.0         3.84      3.84      3.84      40.048    0.0         1061.14  0.00596    
 2200        -2.57325    0.03071     -2.54254    237.56   0.00212     0.0         3.84      3.84      3.84      40.048    0.0         1319.71  0.006      
 2300        -2.58374    0.02438     -2.55936    188.61   0.00188     0.0         3.84      3.84      3.84      40.048    0.0         1247.4   0.00565    
 2400        -2.57586    0.04222     -2.53364    326.62   0.00126     0.0         3.84      3.84      3.84      40.048    0.0         2005.83  0.00463    
 2500        -2.58832    0.03294     -2.55539    254.8    0.00125     0.0         3.84      3.84      3.84      40.048    0.0         1777.06  0.00461    
 2600        -2.55718    0.0453      -2.51188    350.46   0.00173     0.0         3.84      3.84      3.84      40.048    0.0         1775.9   0.00541    
 2700        -2.58528    0.04125     -2.54403    319.12   0.00172     0.0         3.84      3.84      3.84      40.048    0.0         1697.36  0.0054     
 2800        -2.58379    0.04244     -2.54135    328.31   0.00202     0.0         3.84      3.84      3.84      40.048    0.0         1590.36  0.00585    
 2900        -2.57701    0.02797     -2.54904    216.39   0.00121     0.0         3.84      3.84      3.84      40.048    0.0         1666.26  0.00453    
 3000        -2.57549    0.02284     -2.55264    176.73   0.00115     0.0         3.84      3.84      3.84      40.048    0.0         1544.31  0.00442    
 3100        -2.58419    0.0265      -2.55769    205.02   0.00158     0.0         3.84      3.84      3.84      40.048    0.0         1421.13  0.00517    
 3200        -2.57436    0.03449     -2.53987    266.84   0.00199     0.0         3.84      3.84      3.84      40.048    0.0         1443.54  0.00581    
 3300        -2.58229    0.02149     -2.5608     166.25   0.00143     0.0         3.84      3.84      3.84      40.048    0.0         1342.48  0.00493    
 3400        -2.57053    0.0367      -2.53383    283.91   0.00155     0.0         3.84      3.84      3.84      40.048    0.0         1689.93  0.00512    
 3500        -2.57911    0.03033     -2.54878    234.61   0.00217     0.0         3.84      3.84      3.84      40.048    0.0         1297.03  0.00606    
 3600        -2.56784    0.0276      -2.54023    213.56   0.00215     0.0         3.84      3.84      3.84      40.048    0.0         1243.42  0.00603    
 3700        -2.58742    0.02903     -2.55839    224.56   0.0012      0.0         3.84      3.84      3.84      40.048    0.0         1705.51  0.00451    
 3800        -2.58895    0.03117     -2.55778    241.15   0.00076     0.0         3.84      3.84      3.84      40.048    0.0         2214.54  0.0036     
 3900        -2.58685    0.01998     -2.56687    154.59   0.0016      0.0         3.84      3.84      3.84      40.048    0.0         1224.79  0.00521    
 4000        -2.56938    0.03655     -2.53283    282.76   0.00181     0.0         3.84      3.84      3.84      40.048    0.0         1560.03  0.00553    
 4100        -2.57468    0.03932     -2.53536    304.2    0.00137     0.0         3.84      3.84      3.84      40.048    0.0         1857.93  0.00482    
 4200        -2.55559    0.02874     -2.52685    222.36   0.0018      0.0         3.84      3.84      3.84      40.048    0.0         1386.33  0.00552    
 4300        -2.56683    0.03046     -2.53637    235.64   0.0015      0.0         3.84      3.84      3.84      40.048    0.0         1564.86  0.00504    
 4400        -2.56927    0.0328      -2.53647    253.78   0.00162     0.0         3.84      3.84      3.84      40.048    0.0         1558.32  0.00525    
 4500        -2.58178    0.05112     -2.53066    395.48   0.00104     0.0         3.84      3.84      3.84      40.048    0.0         2434.9   0.00419    
 4600        -2.55174    0.03815     -2.51359    295.16   0.00269     0.0         3.84      3.84      3.84      40.048    0.0         1306.32  0.00675    
 4700        -2.55962    0.03399     -2.52563    262.92   0.00174     0.0         3.84      3.84      3.84      40.048    0.0         1531.42  0.00544    
 4800        -2.57532    0.02866     -2.54666    221.74   0.00156     0.0         3.84      3.84      3.84      40.048    0.0         1484.61  0.00515    
 4900        -2.56436    0.04784     -2.51652    370.14   0.00198     0.0         3.84      3.84      3.84      40.048    0.0         1705.12  0.00579    
 5000        -2.57064    0.06611     -2.50454    511.42   0.0023      0.0         3.84      3.84      3.84      40.048    0.0         1858.2   0.00625    
 5100        -2.55333    0.04324     -2.51009    334.51   0.00226     0.0         3.84      3.84      3.84      40.048    0.0         1517.52  0.00619    
 5200        -2.57521    0.02958     -2.54563    228.84   0.00125     0.0         3.84      3.84      3.84      40.048    0.0         1689.62  0.0046     
 5300        -2.57345    0.02604     -2.54741    201.46   0.0016      0.0         3.84      3.84      3.84      40.048    0.0         1397.6   0.00521    
 5400        -2.57787    0.033       -2.54487    255.26   0.00139     0.0         3.84      3.84      3.84      40.048    0.0         1687.89  0.00486    
 5500        -2.58196    0.03516     -2.5468     271.98   0.00129     0.0         3.84      3.84      3.84      40.048    0.0         1813.18  0.00467    
 5600        -2.57412    0.0285      -2.54562    220.46   0.00163     0.0         3.84      3.84      3.84      40.048    0.0         1452.18  0.00525    
 5700        -2.56833    0.013       -2.55533    100.59   0.00231     0.0         3.84      3.84      3.84      40.048    0.0         822.71   0.00626    
 5800        -2.57344    0.04863     -2.52481    376.22   0.00146     0.0         3.84      3.84      3.84      40.048    0.0         1998.51  0.00498    
 5900        -2.55502    0.05553     -2.49949    429.61   0.00173     0.0         3.84      3.84      3.84      40.048    0.0         1965.78  0.00541    
 6000        -2.56775    0.03896     -2.5288     301.38   0.0027      0.0         3.84      3.84      3.84      40.048    0.0         1316.16  0.00677    
 6100        -2.58006    0.02853     -2.55153    220.69   0.00116     0.0         3.84      3.84      3.84      40.048    0.0         1722.21  0.00443    
 6200        -2.57539    0.03687     -2.53852    285.21   0.00135     0.0         3.84      3.84      3.84      40.048    0.0         1814.88  0.00478    
 6300        -2.57068    0.03808     -2.53261    294.56   0.00161     0.0         3.84      3.84      3.84      40.048    0.0         1685.97  0.00523    
 6400        -2.56798    0.03756     -2.53042    290.57   0.00236     0.0         3.84      3.84      3.84      40.048    0.0         1382.59  0.00633    
 6500        -2.58141    0.03235     -2.54906    250.28   0.00125     0.0         3.84      3.84      3.84      40.048    0.0         1767.57  0.00459    
 6600        -2.57402    0.02793     -2.54609    216.07   0.00153     0.0         3.84      3.84      3.84      40.048    0.0         1484.07  0.00508    
 6700        -2.58573    0.03222     -2.55351    249.27   0.00173     0.0         3.84      3.84      3.84      40.048    0.0         1494.51  0.00542    
 6800        -2.57073    0.02271     -2.54802    175.67   0.00194     0.0         3.84      3.84      3.84      40.048    0.0         1187.04  0.00573    
 6900        -2.58674    0.02802     -2.55872    216.79   0.0012      0.0         3.84      3.84      3.84      40.048    0.0         1673.24  0.00452    
 7000        -2.56884    0.01984     -2.549      153.49   0.00153     0.0         3.84      3.84      3.84      40.048    0.0         1247.22  0.0051     
 7100        -2.55411    0.04153     -2.51258    321.3    0.00201     0.0         3.84      3.84      3.84      40.048    0.0         1577.5   0.00583    
 7200        -2.58021    0.05495     -2.52525    425.12   0.00148     0.0         3.84      3.84      3.84      40.048    0.0         2114.0   0.00501    
 7300        -2.56978    0.05119     -2.51859    396.04   0.00256     0.0         3.84      3.84      3.84      40.048    0.0         1549.99  0.00659    
 7400        -2.55751    0.03871     -2.5188     299.47   0.00195     0.0         3.84      3.84      3.84      40.048    0.0         1546.43  0.00574    
 7500        -2.54791    0.0303      -2.51761    234.4    0.00165     0.0         3.84      3.84      3.84      40.048    0.0         1485.74  0.00529    
 7600        -2.56763    0.03855     -2.52908    298.24   0.00229     0.0         3.84      3.84      3.84      40.048    0.0         1424.37  0.00622    
 7700        -2.57159    0.04153     -2.53006    321.3    0.00176     0.0         3.84      3.84      3.84      40.048    0.0         1684.73  0.00546    
 7800        -2.57761    0.04131     -2.5363     319.61   0.00125     0.0         3.84      3.84      3.84      40.048    0.0         1991.0   0.00461    
 7900        -2.57975    0.04423     -2.53552    342.18   0.00166     0.0         3.84      3.84      3.84      40.048    0.0         1789.29  0.00531    
 8000        -2.58377    0.06456     -2.51921    499.44   0.00199     0.0         3.84      3.84      3.84      40.048    0.0         1973.55  0.00581    

Time averages:
             Epot        Ekin        Etot        Temp     MSD         Self_diff   Pressure    Spec_heat   DebyeT   Lindemann  
             eV/atom     eV/atom     eV/atom     K        Å^2         mm^2/s      GPa         J/(K*Kg)    K        1          
             -2.57243    0.03447     -2.53796    266.65   0.0017      0.0         0.0         470.78214   1583.93  0.00532    