Material ID: Al_MTP_06_1000_eq_0_offset_0_ranfor_10000
Unit cell composition: Al32
Material:  Al
Site positions of initial unit cell:
 Al          Al          Al          Al         
 0.00000     0.00000     2.02395     2.02395    
 0.00000     2.02395     0.00000     2.02395    
 0.00000     2.02395     2.02395     0.00000    
Properties:
 Time        Epot        Ekin        Etot        Temp     MSD         Self_diff   LC_a      LC_b      LC_c      Volume      Pressure    DebyeT   Lindemann 
 fs          eV/atom     eV/atom     eV/atom     K        Å^2         mm^2/s      Å         Å         Å         Å^3/atom    GPa        K        1          
 100         -3.72929    0.03718     -3.69211    287.64   0.0         0.0         4.048     4.048     4.048     16.582    0.0         0        0.0        
 200         -3.70973    0.01959     -3.69014    151.52   0.00021     0.0         4.048     4.048     4.048     16.582    0.0         3426.8   0.00252    
 300         -3.7052     0.0186      -3.68659    143.92   0.00029     0.0         4.048     4.048     4.048     16.582    0.0         2835.76  0.00297    
 400         -3.69686    0.01317     -3.68369    101.92   0.00034     0.0         4.048     4.048     4.048     16.582    0.0         2218.22  0.0032     
 500         -3.70576    0.02799     -3.67778    216.52   0.00023     0.0         4.048     4.048     4.048     16.582    0.0         3882.15  0.00266    
 600         -3.70628    0.02479     -3.68149    191.77   0.00022     0.0         4.048     4.048     4.048     16.582    0.0         3787.9   0.00257    
 700         -3.7026     0.02292     -3.67968    177.31   0.00029     0.0         4.048     4.048     4.048     16.582    0.0         3121.85  0.003      
 800         -3.70505    0.02405     -3.681      186.05   0.00029     0.0         4.048     4.048     4.048     16.582    0.0         3236.94  0.00296    
 900         -3.70567    0.0267      -3.67897    206.58   0.0003      0.0         4.048     4.048     4.048     16.582    0.0         3352.09  0.00301    
 1000        -3.70418    0.02856     -3.67563    220.93   0.00029     0.0         4.048     4.048     4.048     16.582    0.0         3486.66  0.003      
 1100        -3.69799    0.02904     -3.66896    224.64   0.00029     0.0         4.048     4.048     4.048     16.582    0.0         3533.81  0.00298    
 1200        -3.70151    0.031       -3.6705     239.84   0.00031     0.0         4.048     4.048     4.048     16.582    0.0         3555.88  0.00306    
 1300        -3.68917    0.02346     -3.66571    181.48   0.00042     0.0         4.048     4.048     4.048     16.582    0.0         2654.37  0.00357    
 1400        -3.70119    0.03728     -3.66391    288.43   0.00028     0.0         4.048     4.048     4.048     16.582    0.0         4051.0   0.00295    
 1500        -3.69559    0.03341     -3.66218    258.48   0.00037     0.0         4.048     4.048     4.048     16.582    0.0         3355.48  0.00337    
 1600        -3.6976     0.03565     -3.66196    275.79   0.00037     0.0         4.048     4.048     4.048     16.582    0.0         3478.74  0.00335    
 1700        -3.69371    0.03099     -3.66271    239.79   0.00036     0.0         4.048     4.048     4.048     16.582    0.0         3284.63  0.00331    
 1800        -3.69148    0.03277     -3.65871    253.5    0.00039     0.0         4.048     4.048     4.048     16.582    0.0         3223.55  0.00347    
 1900        -3.69891    0.04174     -3.65716    322.94   0.00036     0.0         4.048     4.048     4.048     16.582    0.0         3813.45  0.00331    
 2000        -3.70352    0.03391     -3.66961    262.34   0.00026     0.0         4.048     4.048     4.048     16.582    0.0         4053.21  0.00281    
 2100        -3.70151    0.03385     -3.66767    261.86   0.00028     0.0         4.048     4.048     4.048     16.582    0.0         3905.67  0.00291    
 2200        -3.69483    0.03112     -3.66371    240.74   0.00033     0.0         4.048     4.048     4.048     16.582    0.0         3458.75  0.00315    
 2300        -3.69139    0.02692     -3.66448    208.23   0.0004      0.0         4.048     4.048     4.048     16.582    0.0         2898.98  0.0035     
 2400        -3.69484    0.03072     -3.66412    237.66   0.00041     0.0         4.048     4.048     4.048     16.582    0.0         3063.82  0.00354    
 2500        -3.69353    0.03107     -3.66246    240.35   0.00035     0.0         4.048     4.048     4.048     16.582    0.0         3327.42  0.00327    
 2600        -3.70293    0.03746     -3.66547    289.83   0.00029     0.0         4.048     4.048     4.048     16.582    0.0         3992.58  0.003      
 2700        -3.70141    0.03678     -3.66463    284.51   0.00029     0.0         4.048     4.048     4.048     16.582    0.0         3992.62  0.00297    
 2800        -3.69614    0.03473     -3.66141    268.67   0.00035     0.0         4.048     4.048     4.048     16.582    0.0         3512.37  0.00328    
 2900        -3.68993    0.03315     -3.65678    256.48   0.00041     0.0         4.048     4.048     4.048     16.582    0.0         3182.93  0.00354    
 3000        -3.68773    0.03217     -3.65556    248.92   0.00043     0.0         4.048     4.048     4.048     16.582    0.0         3066.75  0.00361    
 3100        -3.69618    0.0347      -3.66148    268.45   0.00034     0.0         4.048     4.048     4.048     16.582    0.0         3579.59  0.00322    
 3200        -3.69956    0.0355      -3.66406    274.63   0.00029     0.0         4.048     4.048     4.048     16.582    0.0         3944.94  0.00295    
 3300        -3.70037    0.03415     -3.66621    264.22   0.00029     0.0         4.048     4.048     4.048     16.582    0.0         3866.6   0.00295    
 3400        -3.69691    0.03129     -3.66562    242.1    0.00036     0.0         4.048     4.048     4.048     16.582    0.0         3308.87  0.0033     
 3500        -3.69121    0.03        -3.66122    232.05   0.00045     0.0         4.048     4.048     4.048     16.582    0.0         2901.12  0.00369    
 3600        -3.69185    0.03199     -3.65986    247.48   0.00037     0.0         4.048     4.048     4.048     16.582    0.0         3275.55  0.00337    
 3700        -3.69778    0.04215     -3.65563    326.12   0.00037     0.0         4.048     4.048     4.048     16.582    0.0         3792.81  0.00335    
 3800        -3.69213    0.03842     -3.65371    297.23   0.00036     0.0         4.048     4.048     4.048     16.582    0.0         3669.2   0.0033     
 3900        -3.69582    0.04811     -3.64771    372.21   0.00038     0.0         4.048     4.048     4.048     16.582    0.0         3991.48  0.0034     
 4000        -3.68896    0.04076     -3.6482     315.34   0.00047     0.0         4.048     4.048     4.048     16.582    0.0         3307.47  0.00377    
 4100        -3.68277    0.03954     -3.64323    305.92   0.00054     0.0         4.048     4.048     4.048     16.582    0.0         3020.16  0.00407    
 4200        -3.68651    0.0388      -3.64771    300.19   0.00046     0.0         4.048     4.048     4.048     16.582    0.0         3261.59  0.00373    
 4300        -3.68702    0.04903     -3.63799    379.31   0.00049     0.0         4.048     4.048     4.048     16.582    0.0         3521.51  0.00389    
 4400        -3.68077    0.04332     -3.63745    335.14   0.00051     0.0         4.048     4.048     4.048     16.582    0.0         3256.31  0.00395    
 4500        -3.68569    0.0492      -3.63649    380.6    0.00048     0.0         4.048     4.048     4.048     16.582    0.0         3593.51  0.00381    
 4600        -3.68765    0.04322     -3.64443    334.35   0.00041     0.0         4.048     4.048     4.048     16.582    0.0         3633.69  0.00354    
 4700        -3.69296    0.04168     -3.65128    322.43   0.00041     0.0         4.048     4.048     4.048     16.582    0.0         3582.33  0.00352    
 4800        -3.68759    0.0368      -3.65079    284.7    0.00044     0.0         4.048     4.048     4.048     16.582    0.0         3225.67  0.00368    
 4900        -3.6975     0.0368      -3.6607     284.71   0.00033     0.0         4.048     4.048     4.048     16.582    0.0         3714.87  0.00319    
 5000        -3.69933    0.04385     -3.65548    339.24   0.00036     0.0         4.048     4.048     4.048     16.582    0.0         3900.5   0.00332    
 5100        -3.68193    0.03179     -3.65015    245.91   0.00051     0.0         4.048     4.048     4.048     16.582    0.0         2798.44  0.00394    
 5200        -3.69612    0.04263     -3.65348    329.83   0.00032     0.0         4.048     4.048     4.048     16.582    0.0         4108.93  0.00311    
 5300        -3.68612    0.03808     -3.64805    294.57   0.00037     0.0         4.048     4.048     4.048     16.582    0.0         3608.36  0.00334    
 5400        -3.68972    0.04101     -3.64871    317.26   0.00042     0.0         4.048     4.048     4.048     16.582    0.0         3514.43  0.00356    
 5500        -3.68185    0.03266     -3.64919    252.68   0.00045     0.0         4.048     4.048     4.048     16.582    0.0         3013.42  0.00371    
 5600        -3.69091    0.04443     -3.64648    343.71   0.00045     0.0         4.048     4.048     4.048     16.582    0.0         3526.37  0.00369    
 5700        -3.69374    0.04244     -3.65131    328.29   0.00039     0.0         4.048     4.048     4.048     16.582    0.0         3709.53  0.00343    
 5800        -3.69566    0.04207     -3.65359    325.46   0.00038     0.0         4.048     4.048     4.048     16.582    0.0         3724.24  0.0034     
 5900        -3.68692    0.03511     -3.65181    271.6    0.00048     0.0         4.048     4.048     4.048     16.582    0.0         3011.36  0.00385    
 6000        -3.69361    0.04086     -3.65275    316.09   0.00036     0.0         4.048     4.048     4.048     16.582    0.0         3764.19  0.00332    
 6100        -3.68711    0.03119     -3.65592    241.26   0.00044     0.0         4.048     4.048     4.048     16.582    0.0         2981.18  0.00366    
 6200        -3.69699    0.03711     -3.65988    287.1    0.00034     0.0         4.048     4.048     4.048     16.582    0.0         3719.01  0.0032     
 6300        -3.70094    0.03944     -3.66149    305.15   0.00029     0.0         4.048     4.048     4.048     16.582    0.0         4131.55  0.00297    
 6400        -3.69636    0.0412      -3.65515    318.75   0.00032     0.0         4.048     4.048     4.048     16.582    0.0         3991.88  0.00314    
 6500        -3.6909     0.03868     -3.65222    299.26   0.0004      0.0         4.048     4.048     4.048     16.582    0.0         3496.97  0.00348    
 6600        -3.6832     0.03396     -3.64924    262.73   0.00044     0.0         4.048     4.048     4.048     16.582    0.0         3113.48  0.00366    
 6700        -3.69256    0.04552     -3.64704    352.18   0.00036     0.0         4.048     4.048     4.048     16.582    0.0         3976.07  0.00332    
 6800        -3.68919    0.03704     -3.65215    286.53   0.00036     0.0         4.048     4.048     4.048     16.582    0.0         3586.95  0.00332    
 6900        -3.69662    0.04452     -3.6521     344.41   0.00032     0.0         4.048     4.048     4.048     16.582    0.0         4186.63  0.00311    
 7000        -3.6904     0.03789     -3.65251    293.13   0.00041     0.0         4.048     4.048     4.048     16.582    0.0         3417.18  0.00352    
 7100        -3.69032    0.03663     -3.65369    283.4    0.00042     0.0         4.048     4.048     4.048     16.582    0.0         3301.72  0.00358    
 7200        -3.69257    0.03202     -3.66055    247.69   0.0004      0.0         4.048     4.048     4.048     16.582    0.0         3176.69  0.00348    
 7300        -3.69032    0.0346      -3.65573    267.64   0.00036     0.0         4.048     4.048     4.048     16.582    0.0         3461.67  0.00332    
 7400        -3.69766    0.03966     -3.658      306.83   0.00028     0.0         4.048     4.048     4.048     16.582    0.0         4191.88  0.00294    
 7500        -3.69667    0.03779     -3.65887    292.39   0.00033     0.0         4.048     4.048     4.048     16.582    0.0         3793.69  0.00317    
 7600        -3.69254    0.03877     -3.65376    299.94   0.00036     0.0         4.048     4.048     4.048     16.582    0.0         3659.28  0.00333    
 7700        -3.68477    0.03056     -3.65421    236.43   0.00045     0.0         4.048     4.048     4.048     16.582    0.0         2916.77  0.0037     
 7800        -3.69182    0.04015     -3.65167    310.63   0.00042     0.0         4.048     4.048     4.048     16.582    0.0         3478.25  0.00356    
 7900        -3.69717    0.04794     -3.64923    370.88   0.00034     0.0         4.048     4.048     4.048     16.582    0.0         4180.07  0.00324    
 8000        -3.69211    0.04805     -3.64406    371.71   0.0004      0.0         4.048     4.048     4.048     16.582    0.0         3885.56  0.00349    
 8100        -3.68475    0.04246     -3.64229    328.5    0.00046     0.0         4.048     4.048     4.048     16.582    0.0         3381.65  0.00377    
 8200        -3.68475    0.04586     -3.63889    354.79   0.00046     0.0         4.048     4.048     4.048     16.582    0.0         3545.04  0.00373    
 8300        -3.67925    0.03592     -3.64333    277.91   0.00048     0.0         4.048     4.048     4.048     16.582    0.0         3046.11  0.00385    
 8400        -3.6934     0.04456     -3.64884    344.72   0.00031     0.0         4.048     4.048     4.048     16.582    0.0         4229.39  0.00308    
 8500        -3.69535    0.04273     -3.65262    330.57   0.00033     0.0         4.048     4.048     4.048     16.582    0.0         4025.04  0.00317    
 8600        -3.69812    0.04186     -3.65626    323.83   0.00033     0.0         4.048     4.048     4.048     16.582    0.0         3961.22  0.00319    
 8700        -3.69319    0.03547     -3.65772    274.4    0.00035     0.0         4.048     4.048     4.048     16.582    0.0         3548.6   0.00328    
 8800        -3.69346    0.04159     -3.65187    321.75   0.00049     0.0         4.048     4.048     4.048     16.582    0.0         3254.72  0.00387    
 8900        -3.69223    0.04361     -3.64862    337.42   0.00043     0.0         4.048     4.048     4.048     16.582    0.0         3572.51  0.00361    
 9000        -3.69569    0.0467      -3.64899    361.25   0.00037     0.0         4.048     4.048     4.048     16.582    0.0         3964.32  0.00337    
 9100        -3.68944    0.03901     -3.65043    301.81   0.0004      0.0         4.048     4.048     4.048     16.582    0.0         3497.56  0.00349    
 9200        -3.69353    0.03901     -3.65452    301.82   0.00035     0.0         4.048     4.048     4.048     16.582    0.0         3750.91  0.00325    
 9300        -3.69467    0.03728     -3.65739    288.41   0.00036     0.0         4.048     4.048     4.048     16.582    0.0         3575.78  0.00334    
 9400        -3.68866    0.03269     -3.65597    252.89   0.00047     0.0         4.048     4.048     4.048     16.582    0.0         2939.62  0.0038     
 9500        -3.68643    0.0337      -3.65273    260.72   0.00044     0.0         4.048     4.048     4.048     16.582    0.0         3095.0   0.00367    
 9600        -3.69608    0.0348      -3.66128    269.2    0.00029     0.0         4.048     4.048     4.048     16.582    0.0         3844.66  0.003      
 9700        -3.69705    0.04265     -3.6544     329.95   0.00035     0.0         4.048     4.048     4.048     16.582    0.0         3928.59  0.00325    
 9800        -3.69548    0.04412     -3.65136    341.29   0.00039     0.0         4.048     4.048     4.048     16.582    0.0         3758.42  0.00345    
 9900        -3.6977     0.03904     -3.65867    301.99   0.00031     0.0         4.048     4.048     4.048     16.582    0.0         3959.82  0.00308    
 10000       -3.68825    0.02799     -3.66026    216.57   0.00042     0.0         4.048     4.048     4.048     16.582    0.0         2895.51  0.00357    
 10100       -3.69686    0.03606     -3.6608     279.01   0.00038     0.0         4.048     4.048     4.048     16.582    0.0         3452.59  0.0034     

Time averages:
             Epot        Ekin        Etot        Temp     MSD         Self_diff   Pressure    Spec_heat   DebyeT   Lindemann  
             eV/atom     eV/atom     eV/atom     K        Å^2         mm^2/s      GPa         J/(K*Kg)    K        1          
             -3.69386    0.03644     -3.65742    281.9    0.00037     0.0         0.0         510.32248   3517.55  0.00336    