Material ID: Si_MTP_06_100_eq_0_ranfor_10000
Unit cell composition: Si8
Material:  Si
Site positions of initial unit cell:
 Si         
 0.00000    
 0.00000    
 0.00000    
Properties:
 Time        Epot        Ekin        Etot        Temp     MSD         Self_diff   LC_a      LC_b      LC_c      Volume      Pressure    DebyeT   Lindemann 
 fs          eV/atom     eV/atom     eV/atom     K        Å^2         mm^2/s      Å         Å         Å         Å^3/atom    GPa        K        1          
 100         -4.19886    0.02713     -4.17172    209.91   0.0         0.0         3.84      3.84      3.84      40.048    0.0         inf      0.0        
 200         -11.64874   3.82222     -7.82651    29570.06 0.00042     0.0         3.84      3.84      3.84      40.048    0.0         32960.13 0.00268    
 300         -10.38479   154557736.8761 154557726.49131 1195712444789.55 11777711986.21329 65431733.25674 3.84      3.84      3.84      40.048    0.0         39.73    14129.7886 
 400         -10.38479   0.46866     -9.91614    3625.68  11802137265.78586 49175571.94077 3.84      3.84      3.84      40.048    0.0         0.0      14144.43259
 500         -10.38479   0.03703     -10.34776   286.49   11802138092.42722 39340460.30809 3.84      3.84      3.84      40.048    0.0         0.0      14144.43308
 600         -10.38479   0.03672     -10.34807   284.06   11802138209.27458 32783717.24798 3.84      3.84      3.84      40.048    0.0         0.0      14144.43315
 700         -10.38479   0.0209      -10.36389   161.72   11802138118.59205 28100328.85379 3.84      3.84      3.84      40.048    0.0         0.0      14144.4331 
 800         -10.38479   0.04173     -10.34307   322.81   11802137653.86376 24587786.77888 3.84      3.84      3.84      40.048    0.0         0.0      14144.43282
 900         -10.38479   0.03345     -10.35134   258.77   11802137676.02746 21855810.51116 3.84      3.84      3.84      40.048    0.0         0.0      14144.43283
 1000        -10.38479   0.01051     -10.37428   81.29    11802137510.5305 19670229.18422 3.84      3.84      3.84      40.048    0.0         0.0      14144.43273
 1100        -10.38479   0.02159     -10.36321   166.99   11802137653.86388 17882026.74828 3.84      3.84      3.84      40.048    0.0         0.0      14144.43282
 1200        -10.38479   0.0486      -10.3362    375.95   11802137897.71402 16391858.19127 3.84      3.84      3.84      40.048    0.0         0.0      14144.43296
 1300        -10.38479   0.03418     -10.35062   264.4    11802137138.81134 15130945.04976 3.84      3.84      3.84      40.048    0.0         0.0      14144.43251
 1400        -10.38479   0.02146     -10.36333   166.03   11802136992.71897 14050163.08657 3.84      3.84      3.84      40.048    0.0         0.0      14144.43242
 1500        -10.38479   0.05064     -10.33415   391.75   11802137079.23904 13113485.6436 3.84      3.84      3.84      40.048    0.0         0.0      14144.43247
 1600        -10.38479   0.01227     -10.37252   94.96    11802136574.89139 12293892.26551 3.84      3.84      3.84      40.048    0.0         0.0      14144.43217
 1700        -10.38479   0.03653     -10.34826   282.61   11802137145.1387 11570722.69131 3.84      3.84      3.84      40.048    0.0         0.0      14144.43251
 1800        -10.38479   0.02285     -10.36194   176.78   11802136968.90887 10927904.60084 3.84      3.84      3.84      40.048    0.0         0.0      14144.43241
 1900        -10.38479   0.02446     -10.36033   189.24   11802137132.00126 10352751.87018 3.84      3.84      3.84      40.048    0.0         0.0      14144.43251
 2000        -10.38479   0.03022     -10.35457   233.79   11802137470.12829 9835114.55844 3.84      3.84      3.84      40.048    0.0         0.0      14144.43271
 2100        -10.38479   0.04274     -10.34205   330.68   11802137728.02708 9366775.97462 3.84      3.84      3.84      40.048    0.0         0.0      14144.43286
 2200        -10.38479   0.03419     -10.3506    264.51   11802137696.0128 8941013.40607 3.84      3.84      3.84      40.048    0.0         0.0      14144.43284
 2300        -10.38479   0.0655      -10.31929   506.71   11802137514.53264 8552273.56126 3.84      3.84      3.84      40.048    0.0         0.0      14144.43273
 2400        -10.38479   0.04767     -10.33712   368.77   11802137319.17905 8195928.69387 3.84      3.84      3.84      40.048    0.0         0.0      14144.43262
 2500        -10.38479   0.02923     -10.35556   226.16   11802137707.8589 7868091.80524 3.84      3.84      3.84      40.048    0.0         0.0      14144.43285
 2600        -10.38479   0.03657     -10.34822   282.95   11802137918.37916 7565473.0246 3.84      3.84      3.84      40.048    0.0         0.0      14144.43298
 2700        -10.38479   0.05408     -10.33071   418.37   11802137833.38174 7285270.26752 3.84      3.84      3.84      40.048    0.0         0.0      14144.43293
 2800        -10.38479   0.03515     -10.34964   271.92   11802137913.19114 7025082.09119 3.84      3.84      3.84      40.048    0.0         0.0      14144.43297
 2900        -10.38479   0.05077     -10.33402   392.76   11802137648.20532 6782837.72885 3.84      3.84      3.84      40.048    0.0         0.0      14144.43281
 3000        -10.38479   0.04579     -10.33901   354.21   11802137040.70863 6556742.80039 3.84      3.84      3.84      40.048    0.0         0.0      14144.43245
 3100        -10.38479   0.0304      -10.35439   235.22   11802136983.83458 6345234.93755 3.84      3.84      3.84      40.048    0.0         0.0      14144.43242
 3200        -10.38479   0.03013     -10.35466   233.08   11802136949.88468 6146946.32806 3.84      3.84      3.84      40.048    0.0         0.0      14144.4324 
 3300        -10.38479   0.0332      -10.35159   256.87   11802137010.47331 5960675.25781 3.84      3.84      3.84      40.048    0.0         0.0      14144.43243
 3400        -10.38479   0.03042     -10.35437   235.33   11802137207.14103 5785361.37605 3.84      3.84      3.84      40.048    0.0         0.0      14144.43255
 3500        -10.38479   0.02718     -10.35761   210.29   11802137361.65602 5620065.41031 3.84      3.84      3.84      40.048    0.0         0.0      14144.43264
 3600        -10.38479   0.02854     -10.35626   220.77   11802137885.03382 5463952.72455 3.84      3.84      3.84      40.048    0.0         0.0      14144.43296
 3700        -10.38479   0.03826     -10.34653   296.01   11802138516.47866 5316278.61103 3.84      3.84      3.84      40.048    0.0         0.0      14144.43333
 3800        -10.38479   0.05008     -10.33471   387.45   11802138618.38709 5176376.58701 3.84      3.84      3.84      40.048    0.0         0.0      14144.4334 
 3900        -10.38479   0.04112     -10.34367   318.14   11802138523.95412 5043648.94186 3.84      3.84      3.84      40.048    0.0         0.0      14144.43334
 4000        -10.38479   0.026       -10.35879   201.14   11802138184.72855 4917557.57697 3.84      3.84      3.84      40.048    0.0         0.0      14144.43314
 4100        -10.38479   0.03098     -10.35381   239.66   11802138291.47906 4797617.19166 3.84      3.84      3.84      40.048    0.0         0.0      14144.4332 
 4200        -10.38479   0.0427      -10.34209   330.36   11802137898.61728 4683388.05501 3.84      3.84      3.84      40.048    0.0         0.0      14144.43296
 4300        -10.38479   0.02247     -10.36232   173.86   11802137383.42282 4574471.85404 3.84      3.84      3.84      40.048    0.0         0.0      14144.43266
 4400        -10.38479   0.02519     -10.3596    194.86   11802137421.29696 4470506.59898 3.84      3.84      3.84      40.048    0.0         0.0      14144.43268
 4500        -10.38479   0.01976     -10.36503   152.86   11802137018.0515 4371161.85854 3.84      3.84      3.84      40.048    0.0         0.0      14144.43244
 4600        -10.38479   0.02714     -10.35765   209.94   11802137072.1703 4276136.62035 3.84      3.84      3.84      40.048    0.0         0.0      14144.43247
 4700        -10.38479   0.02363     -10.36116   182.83   11802136592.5508 4185154.82005 3.84      3.84      3.84      40.048    0.0         0.0      14144.43218
 4800        -10.38479   0.03365     -10.35114   260.35   11802136740.74 4097964.14609 3.84      3.84      3.84      40.048    0.0         0.0      14144.43227
 4900        -10.38479   0.03748     -10.34732   289.93   11802137113.14269 4014332.35141 3.84      3.84      3.84      40.048    0.0         0.0      14144.43249
 5000        -10.38479   0.05883     -10.32596   455.15   11802137356.01398 3934045.78534 3.84      3.84      3.84      40.048    0.0         0.0      14144.43264
 5100        -10.38479   0.02482     -10.35997   192.04   11802137500.53831 3856907.67991 3.84      3.84      3.84      40.048    0.0         0.0      14144.43273
 5200        -10.38479   0.03126     -10.35353   241.88   11802137121.58494 3782736.25692 3.84      3.84      3.84      40.048    0.0         0.0      14144.4325 
 5300        -10.38479   0.03059     -10.3542    236.66   11802137545.19904 3711364.00792 3.84      3.84      3.84      40.048    0.0         0.0      14144.43275
 5400        -10.38479   0.05113     -10.33366   395.54   11802137530.89683 3642635.0404 3.84      3.84      3.84      40.048    0.0         0.0      14144.43274
 5500        -10.38479   0.04321     -10.34158   334.32   11802137458.96384 3576405.2906 3.84      3.84      3.84      40.048    0.0         0.0      14144.4327 
 5600        -10.38479   0.03422     -10.35057   264.76   11802137333.9264 3512540.87319 3.84      3.84      3.84      40.048    0.0         0.0      14144.43263
 5700        -10.38479   0.04734     -10.33745   366.24   11802137443.96932 3450917.38128 3.84      3.84      3.84      40.048    0.0         0.0      14144.43269
 5800        -10.38479   0.03289     -10.35191   254.41   11802137378.19484 3391418.78684 3.84      3.84      3.84      40.048    0.0         0.0      14144.43265
 5900        -10.38479   0.0243      -10.36049   187.98   11802137929.19896 3333937.26814 3.84      3.84      3.84      40.048    0.0         0.0      14144.43298
 6000        -10.38479   0.03549     -10.3493    274.58   11802137928.79428 3278371.64689 3.84      3.84      3.84      40.048    0.0         0.0      14144.43298
 6100        -10.38479   0.03203     -10.35277   247.76   11802136982.9288 3224627.59096 3.84      3.84      3.84      40.048    0.0         0.0      14144.43242
