Material ID: Si_MTP_06_100
Unit cell composition: Si8
Material:  Si
Site positions of initial unit cell:
 Si         
 0.00000    
 0.00000    
 0.00000    
Properties:
 Time        Epot        Ekin        Etot        Temp     MSD         Self_diff   LC_a      LC_b      LC_c      Volume      Pressure    DebyeT   Lindemann 
 fs          eV/atom     eV/atom     eV/atom     K        Å^2         mm^2/s      Å         Å         Å         Å^3/atom    GPa        K        1          
 100         -3.29194    0.05069     -3.24125    392.18   0.0         0.0         3.84      3.84      3.84      40.048    0.0         inf      0.0        
 200         -3.32237    0.08118     -3.2412     628.01   0.25619     0.00213     3.84      3.84      3.84      40.048    0.0         195.21   0.0659     
 300         -3.51851    0.27855     -3.23996    2155.0   0.89587     0.00498     3.84      3.84      3.84      40.048    0.0         193.37   0.12323    
 400         -3.54815    5076356256.15877 5076356252.61063 39272458774032.78 1472077881.58242 6133657.83993 3.84      3.84      3.84      40.048    0.0         643.98   4995.40372 
 500         -3.54815    5076356256.15877 5076356252.61063 39272458774032.78 50644617586.52556 168815391.95509 3.84      3.84      3.84      40.048    0.0         109.79   29300.28519
 600         -3.54815    5076356256.15877 5076356252.61063 39272458774032.78 169575950003.82516 471044305.56618 3.84      3.84      3.84      40.048    0.0         60.0     53615.12573
 700         -3.54815    5076356256.15877 5076356252.61063 39272458774032.78 358266075133.48035 853014464.60352 3.84      3.84      3.84      40.048    0.0         41.28    77930.60402
 800         -3.54815    5076356256.15877 5076356252.61063 39272458774032.78 616714992975.4913 1284822902.03227 3.84      3.84      3.84      40.048    0.0         31.46    102246.26507
 900         -3.54815    5076356256.15877 5076356252.61063 39272458774032.78 944922703529.8541 1749856858.38862 3.84      3.84      3.84      40.048    0.0         25.42    126562.00354
 1000        -3.54815    5076356256.15877 5076356252.61063 39272458774032.78 1342889206796.5713 2238148677.99429 3.84      3.84      3.84      40.048    0.0         21.32    150877.78199
 1100        -3.54815    5076356256.15877 5076356252.61063 39272458774032.78 1810614502775.6426 2743355307.23582 3.84      3.84      3.84      40.048    0.0         18.36    175193.58379

Time averages:
             Epot        Ekin        Etot        Temp     MSD         Self_diff   Pressure    Spec_heat   DebyeT   Lindemann  
             eV/atom     eV/atom     eV/atom     K        Å^2         mm^2/s      GPa         J/(K*Kg)    K        1          
             -3.52261    4061085004.96299 4061085001.44039 31417967019504.52 529510012668.4125 1057243507.29119 0.0         532.88331   134.02   72072.12422