Material ID: Al_MTP_06_180
Unit cell composition: Al32
Material:  Al
Site positions of initial unit cell:
 Al          Al          Al          Al         
 0.00000     0.00000     2.02395     2.02395    
 0.00000     2.02395     0.00000     2.02395    
 0.00000     2.02395     2.02395     0.00000    
Properties:
 Time        Epot        Ekin        Etot        Temp     MSD         Self_diff   LC_a      LC_b      LC_c      Volume      Pressure    DebyeT   Lindemann 
 fs          eV/atom     eV/atom     eV/atom     K        Å^2         mm^2/s      Å         Å         Å         Å^3/atom    GPa        K        1          
 100         -3.72862    0.03269     -3.69593    252.9    0.0         0.0         4.048     4.048     4.048     16.582    0.0         inf      0.0        
 200         -3.71274    0.01682     -3.69592    130.1    0.01898     0.00016     4.048     4.048     4.048     16.582    0.0         333.01   0.02407    
 300         -3.70673    0.0108      -3.69592    83.58    0.05304     0.00029     4.048     4.048     4.048     16.582    0.0         159.67   0.04023    
 400         -3.7072     0.01128     -3.69592    87.25    0.0978      0.00041     4.048     4.048     4.048     16.582    0.0         120.14   0.05463    
 500         -3.71551    0.01959     -3.69593    151.54   0.15565     0.00052     4.048     4.048     4.048     16.582    0.0         125.51   0.06892    
 600         -3.71329    0.01736     -3.69592    134.31   0.23931     0.00066     4.048     4.048     4.048     16.582    0.0         95.3     0.08545    
 700         -3.71604    0.02011     -3.69593    155.59   0.34171     0.00081     4.048     4.048     4.048     16.582    0.0         85.83    0.10211    
 800         -3.71352    0.01759     -3.69593    136.09   0.4632      0.00097     4.048     4.048     4.048     16.582    0.0         68.95    0.11889    
 900         -3.71582    0.01989     -3.69593    153.91   0.59848     0.00111     4.048     4.048     4.048     16.582    0.0         64.51    0.13514    
 1000        -3.71157    0.01564     -3.69592    121.03   0.75587     0.00126     4.048     4.048     4.048     16.582    0.0         50.9     0.15187    
 1100        -3.71347    0.01755     -3.69593    135.76   0.93125     0.00141     4.048     4.048     4.048     16.582    0.0         48.57    0.16857    
 1200        -3.71377    0.01785     -3.69593    138.08   1.12611     0.00156     4.048     4.048     4.048     16.582    0.0         44.54    0.18537    
 1300        -3.71282    0.0169      -3.69593    130.73   1.33816     0.00172     4.048     4.048     4.048     16.582    0.0         39.76    0.20207    
 1400        -3.71336    0.01743     -3.69593    134.85   1.56679     0.00187     4.048     4.048     4.048     16.582    0.0         37.32    0.21866    
 1500        -3.71292    0.017       -3.69593    131.5    1.81518     0.00202     4.048     4.048     4.048     16.582    0.0         34.24    0.23535    
 1600        -3.71528    0.01935     -3.69593    149.7    2.08272     0.00217     4.048     4.048     4.048     16.582    0.0         34.1     0.2521     
 1700        -3.71396    0.01803     -3.69593    139.52   2.36795     0.00232     4.048     4.048     4.048     16.582    0.0         30.88    0.26881    
 1800        -3.71368    0.01775     -3.69592    137.34   2.6714      0.00247     4.048     4.048     4.048     16.582    0.0         28.84    0.28551    
 1900        -3.71411    0.01819     -3.69593    140.7    2.99411     0.00263     4.048     4.048     4.048     16.582    0.0         27.58    0.30227    
 2000        -3.71442    0.01849     -3.69593    143.07   3.3355      0.00278     4.048     4.048     4.048     16.582    0.0         26.34    0.31903    
 2100        -3.70793    0.01201     -3.69592    92.89    3.69784     0.00293     4.048     4.048     4.048     16.582    0.0         20.16    0.33591    
 2200        -3.70948    0.01356     -3.69592    104.91   4.07422     0.00309     4.048     4.048     4.048     16.582    0.0         20.41    0.3526     
 2300        -3.71419    0.01827     -3.69593    141.32   4.46885     0.00324     4.048     4.048     4.048     16.582    0.0         22.62    0.36928    
 2400        -3.71738    0.02145     -3.69593    165.97   4.88231     0.00339     4.048     4.048     4.048     16.582    0.0         23.45    0.38598    
 2500        -3.71301    0.01709     -3.69592    132.21   5.31744     0.00354     4.048     4.048     4.048     16.582    0.0         20.06    0.40282    
 2600        -3.71323    0.01731     -3.69592    133.88   5.76839     0.0037      4.048     4.048     4.048     16.582    0.0         19.38    0.41955    
 2700        -3.71158    0.01566     -3.69592    121.15   6.24        0.00385     4.048     4.048     4.048     16.582    0.0         17.72    0.43636    
 2800        -3.71285    0.01692     -3.69593    130.91   6.72753     0.004       4.048     4.048     4.048     16.582    0.0         17.74    0.45309    
 2900        -3.71169    0.01577     -3.69592    121.98   7.2334      0.00416     4.048     4.048     4.048     16.582    0.0         16.52    0.46981    
 3000        -3.71545    0.01952     -3.69593    151.02   7.75687     0.00431     4.048     4.048     4.048     16.582    0.0         17.75    0.48652    
 3100        -3.71493    0.01901     -3.69593    147.04   8.301       0.00446     4.048     4.048     4.048     16.582    0.0         16.93    0.50329    
 3200        -3.71585    0.01992     -3.69593    154.11   8.8625      0.00462     4.048     4.048     4.048     16.582    0.0         16.77    0.52004    
 3300        -3.71109    0.01516     -3.69592    117.32   9.44423     0.00477     4.048     4.048     4.048     16.582    0.0         14.18    0.53683    
 3400        -3.71272    0.0168      -3.69593    129.94   10.04366    0.00492     4.048     4.048     4.048     16.582    0.0         14.47    0.55361    
 3500        -3.71175    0.01583     -3.69593    122.44   10.6618     0.00508     4.048     4.048     4.048     16.582    0.0         13.63    0.57039    
 3600        -3.71375    0.01782     -3.69593    137.87   11.29691    0.00523     4.048     4.048     4.048     16.582    0.0         14.05    0.58713    
 3700        -3.71433    0.0184      -3.69593    142.35   11.94895    0.00538     4.048     4.048     4.048     16.582    0.0         13.88    0.60384    
 3800        -3.71416    0.01823     -3.69593    141.05   12.62178    0.00554     4.048     4.048     4.048     16.582    0.0         13.45    0.62061    
 3900        -3.71432    0.01839     -3.69593    142.28   13.31318    0.00569     4.048     4.048     4.048     16.582    0.0         13.15    0.63738    
 4000        -3.71199    0.01606     -3.69593    124.28   14.02335    0.00584     4.048     4.048     4.048     16.582    0.0         11.98    0.65416    
 4100        -3.71526    0.01934     -3.69593    149.6    14.74984    0.006       4.048     4.048     4.048     16.582    0.0         12.81    0.67089    
 4200        -3.71486    0.01893     -3.69593    146.46   15.49531    0.00615     4.048     4.048     4.048     16.582    0.0         12.37    0.68763    
 4300        -3.71363    0.01771     -3.69593    136.99   16.26198    0.0063      4.048     4.048     4.048     16.582    0.0         11.68    0.70444    
 4400        -3.70976    0.01383     -3.69592    107.0    17.04781    0.00646     4.048     4.048     4.048     16.582    0.0         10.08    0.72126    
 4500        -3.71392    0.01799     -3.69593    139.2    17.8465     0.00661     4.048     4.048     4.048     16.582    0.0         11.23    0.73796    
 4600        -3.71435    0.01842     -3.69593    142.51   18.6641     0.00676     4.048     4.048     4.048     16.582    0.0         11.12    0.75467    
 4700        -3.71436    0.01844     -3.69593    142.64   19.50245    0.00692     4.048     4.048     4.048     16.582    0.0         10.88    0.77144    
 4800        -3.71447    0.01855     -3.69593    143.47   20.36097    0.00707     4.048     4.048     4.048     16.582    0.0         10.68    0.78823    
 4900        -3.7122     0.01628     -3.69593    125.93   21.2375     0.00722     4.048     4.048     4.048     16.582    0.0         9.8      0.80502    
 5000        -3.71298    0.01706     -3.69593    131.96   22.13021    0.00738     4.048     4.048     4.048     16.582    0.0         9.82     0.82177    
 5100        -3.71043    0.0145      -3.69592    112.19   23.04248    0.00753     4.048     4.048     4.048     16.582    0.0         8.88     0.83853    
 5200        -3.71369    0.01776     -3.69593    137.4    23.97213    0.00768     4.048     4.048     4.048     16.582    0.0         9.63     0.85528    
 5300        -3.71389    0.01796     -3.69593    138.97   24.92156    0.00784     4.048     4.048     4.048     16.582    0.0         9.5      0.87205    
 5400        -3.71555    0.01962     -3.69593    151.8    25.88766    0.00799     4.048     4.048     4.048     16.582    0.0         9.74     0.88879    
 5500        -3.71096    0.01504     -3.69592    116.35   26.87404    0.00814     4.048     4.048     4.048     16.582    0.0         8.37     0.90557    
 5600        -3.71258    0.01666     -3.69593    128.85   27.87886    0.0083      4.048     4.048     4.048     16.582    0.0         8.65     0.92234    
 5700        -3.71199    0.01607     -3.69593    124.29   28.90121    0.00845     4.048     4.048     4.048     16.582    0.0         8.34     0.9391     
 5800        -3.71585    0.01992     -3.69593    154.1    29.9407     0.0086      4.048     4.048     4.048     16.582    0.0         9.13     0.95584    
 5900        -3.71585    0.01992     -3.69593    154.1    30.99981    0.00876     4.048     4.048     4.048     16.582    0.0         8.97     0.9726     
 6000        -3.71255    0.01663     -3.69593    128.62   32.07991    0.00891     4.048     4.048     4.048     16.582    0.0         8.05     0.9894     
 6100        -3.71269    0.01676     -3.69593    129.68   33.17807    0.00907     4.048     4.048     4.048     16.582    0.0         7.95     1.00619    
 6200        -3.71139    0.01546     -3.69592    119.61   34.29028    0.00922     4.048     4.048     4.048     16.582    0.0         7.51     1.02292    
 6300        -3.71488    0.01896     -3.69593    146.66   35.42198    0.00937     4.048     4.048     4.048     16.582    0.0         8.19     1.03966    
 6400        -3.71333    0.01741     -3.69593    134.66   36.57473    0.00952     4.048     4.048     4.048     16.582    0.0         7.72     1.05644    
 6500        -3.71438    0.01845     -3.69593    142.76   37.74494    0.00968     4.048     4.048     4.048     16.582    0.0         7.82     1.07321    
 6600        -3.71107    0.01514     -3.69593    117.14   38.93615    0.00983     4.048     4.048     4.048     16.582    0.0         6.98     1.09001    
 6700        -3.71536    0.01944     -3.69593    150.38   40.13933    0.00998     4.048     4.048     4.048     16.582    0.0         7.79     1.10673    
 6800        -3.71457    0.01864     -3.69593    144.23   41.36379    0.01014     4.048     4.048     4.048     16.582    0.0         7.51     1.12348    
 6900        -3.71432    0.01839     -3.69593    142.27   42.60941    0.01029     4.048     4.048     4.048     16.582    0.0         7.35     1.14027    
 7000        -3.7121     0.01618     -3.69593    125.15   43.87265    0.01045     4.048     4.048     4.048     16.582    0.0         6.79     1.15705    
 7100        -3.71256    0.01663     -3.69593    128.68   45.1516     0.0106      4.048     4.048     4.048     16.582    0.0         6.79     1.17379    
 7200        -3.71599    0.02007     -3.69593    155.25   46.44861    0.01075     4.048     4.048     4.048     16.582    0.0         7.35     1.19053    
 7300        -3.71089    0.01497     -3.69592    115.81   47.76833    0.01091     4.048     4.048     4.048     16.582    0.0         6.26     1.20733    
 7400        -3.71589    0.01996     -3.69593    154.43   49.10244    0.01106     4.048     4.048     4.048     16.582    0.0         7.13     1.22407    
 7500        -3.71133    0.0154      -3.69592    119.17   50.45775    0.01121     4.048     4.048     4.048     16.582    0.0         6.18     1.24085    
 7600        -3.71482    0.01889     -3.69593    146.14   51.82891    0.01137     4.048     4.048     4.048     16.582    0.0         6.75     1.2576     
 7700        -3.71256    0.01664     -3.69593    128.72   53.22099    0.01152     4.048     4.048     4.048     16.582    0.0         6.26     1.27437    
 7800        -3.71577    0.01984     -3.69593    153.49   54.62856    0.01167     4.048     4.048     4.048     16.582    0.0         6.74     1.29112    
 7900        -3.71195    0.01602     -3.69593    123.95   56.05829    0.01183     4.048     4.048     4.048     16.582    0.0         5.98     1.3079     
 8000        -3.71325    0.01732     -3.69593    134.01   57.50483    0.01198     4.048     4.048     4.048     16.582    0.0         6.14     1.32467    
 8100        -3.71525    0.01933     -3.69593    149.52   58.96769    0.01213     4.048     4.048     4.048     16.582    0.0         6.41     1.34141    
 8200        -3.71376    0.01784     -3.69593    137.98   60.45281    0.01229     4.048     4.048     4.048     16.582    0.0         6.08     1.3582     
 8300        -3.71228    0.01636     -3.69593    126.55   61.95658    0.01244     4.048     4.048     4.048     16.582    0.0         5.75     1.37499    
 8400        -3.71117    0.01524     -3.69592    117.91   63.47688    0.01259     4.048     4.048     4.048     16.582    0.0         5.48     1.39176    
 8500        -3.71653    0.0206      -3.69593    159.36   65.01153    0.01275     4.048     4.048     4.048     16.582    0.0         6.3      1.40848    
 8600        -3.71478    0.01885     -3.69593    145.87   66.5686     0.0129      4.048     4.048     4.048     16.582    0.0         5.95     1.42525    
 8700        -3.7137     0.01777     -3.69593    137.5    68.14575    0.01305     4.048     4.048     4.048     16.582    0.0         5.71     1.44203    
 8800        -3.71013    0.0142      -3.69592    109.89   69.74172    0.01321     4.048     4.048     4.048     16.582    0.0         5.05     1.45882    
 8900        -3.71473    0.01881     -3.69593    145.51   71.34955    0.01336     4.048     4.048     4.048     16.582    0.0         5.74     1.47554    
 9000        -3.71511    0.01918     -3.69593    148.38   72.9793     0.01351     4.048     4.048     4.048     16.582    0.0         5.74     1.4923     
 9100        -3.71185    0.01593     -3.69592    123.21   74.63074    0.01367     4.048     4.048     4.048     16.582    0.0         5.17     1.50909    
 9200        -3.7127     0.01677     -3.69593    129.75   76.29804    0.01382     4.048     4.048     4.048     16.582    0.0         5.25     1.52585    
 9300        -3.71386    0.01793     -3.69593    138.72   77.9838     0.01398     4.048     4.048     4.048     16.582    0.0         5.36     1.54261    
 9400        -3.71527    0.01934     -3.69593    149.66   79.68694    0.01413     4.048     4.048     4.048     16.582    0.0         5.51     1.55937    
 9500        -3.71257    0.01665     -3.69592    128.78   81.40997    0.01428     4.048     4.048     4.048     16.582    0.0         5.06     1.57614    
 9600        -3.71405    0.01812     -3.69593    140.2    83.1521     0.01444     4.048     4.048     4.048     16.582    0.0         5.22     1.59291    
 9700        -3.71243    0.01651     -3.69592    127.72   84.91094    0.01459     4.048     4.048     4.048     16.582    0.0         4.93     1.60967    
 9800        -3.71266    0.01673     -3.69593    129.44   86.69106    0.01474     4.048     4.048     4.048     16.582    0.0         4.92     1.62646    
 9900        -3.71099    0.01507     -3.69592    116.56   88.48811    0.0149      4.048     4.048     4.048     16.582    0.0         4.62     1.64323    
 10000       -3.71364    0.01772     -3.69592    137.07   90.29996    0.01505     4.048     4.048     4.048     16.582    0.0         4.96     1.65997    
 10100       -3.71483    0.0189      -3.69593    146.24   92.13321    0.0152      4.048     4.048     4.048     16.582    0.0         5.07     1.67673    

Time averages:
             Epot        Ekin        Etot        Temp     MSD         Self_diff   Pressure    Spec_heat   DebyeT   Lindemann  
             eV/atom     eV/atom     eV/atom     K        Å^2         mm^2/s      GPa         J/(K*Kg)    K        1          
             -3.71332    0.0174      -3.69593    134.6    31.18069    0.00769     0.0         477.87729   22.49    0.8472     