Material ID: Al_KRR
Unit cell composition: Al32
Material:  Al
Site positions of initial unit cell:
 Al          Al          Al          Al         
 0.00000     0.00000     2.02395     2.02395    
 0.00000     2.02395     0.00000     2.02395    
 0.00000     2.02395     2.02395     0.00000    
Properties:
 Time        Epot        Ekin        Etot        Temp     MSD         Self_diff   LC_a      LC_b      LC_c      Volume      Pressure    DebyeT   Lindemann 
 fs          eV/atom     eV/atom     eV/atom     K        Å^2         mm^2/s      Å         Å         Å         Å^3/atom    GPa        K        1          
 100         -5.54886    0.0378      -5.51106    292.45   0.0         0.0         4.048     4.048     4.048     16.582    0.0         inf      0.0        
 200         -1.46899    151.72754   150.25854   1173817.02 221.52103   1.84601     4.048     4.048     4.048     16.582    0.0         292.81   2.59994    
 300         3.75595     318.96392   322.71988   2467615.93 2660.08008  14.77822    4.048     4.048     4.048     16.582    0.0         122.52   9.00954    
 400         -3.42994    516.68607   513.25613   3997263.29 10658.16878 44.40904    4.048     4.048     4.048     16.582    0.0         77.9     18.03419   
 500         -2.76839    803.44565   800.67726   6215735.17 28281.27265 94.27091    4.048     4.048     4.048     16.582    0.0         59.63    29.37681   
 600         -1.992      1182.17294  1180.18094  9145701.3 59840.20483 166.22279   4.048     4.048     4.048     16.582    0.0         49.73    42.73186   
 700         -2.9009     1662.47146  1659.57056  12861457.83 116152.04166 276.55248   4.048     4.048     4.048     16.582    0.0         42.33    59.53449   
 800         -0.6521     1985.55635  1984.90425  15360954.96 200669.74771 418.06197   4.048     4.048     4.048     16.582    0.0         35.19    78.25213   
 900         -3.64155    2486.65879  2483.01724  19237657.85 323224.2298 598.56339   4.048     4.048     4.048     16.582    0.0         31.03    99.31325   
 1000        -2.49655    3120.97674  3118.48019  24144962.31 496720.62953 827.86772   4.048     4.048     4.048     16.582    0.0         28.04    123.1151   
 1100        -4.1681     3799.35831  3795.19021  29393158.24 730713.87924 1107.14224  4.048     4.048     4.048     16.582    0.0         25.51    149.32376  

Time averages:
             Epot        Ekin        Etot        Temp     MSD         Self_diff   Pressure    Spec_heat   DebyeT   Lindemann  
             eV/atom     eV/atom     eV/atom     K        Å^2         mm^2/s      GPa         J/(K*Kg)    K        1          
             -1.97626    1602.80178  1600.82552  12399832.39 196914.17753 394.20764   0.0         -1066.13665 76.47    61.12911   