Material ID: Al_MTP_06_100_eq_2000_offset_2000_ranfor_10000
Unit cell composition: Al32
Material:  Al
Site positions of initial unit cell:
 Al          Al          Al          Al         
 0.00000     0.00000     2.02395     2.02395    
 0.00000     2.02395     0.00000     2.02395    
 0.00000     2.02395     2.02395     0.00000    
Properties:
 Time        Epot        Ekin        Etot        Temp     MSD         Self_diff   LC_a      LC_b      LC_c      Volume      Pressure    DebyeT   Lindemann 
 fs          eV/atom     eV/atom     eV/atom     K        Å^2         mm^2/s      Å         Å         Å         Å^3/atom    GPa        K        1          
 100         -3.6964     0.04299     -3.65342    332.56   0.00048     1e-05       4.048     4.048     4.048     16.582    0.0         3363.86  0.00381    
 200         -3.69427    0.04239     -3.65187    327.96   0.00065     1e-05       4.048     4.048     4.048     16.582    0.0         2867.72  0.00444    
 300         -3.70572    0.03609     -3.66962    279.22   0.00054     0.0         4.048     4.048     4.048     16.582    0.0         2896.15  0.00405    
 400         -3.6872     0.03932     -3.64788    304.19   0.00073     0.0         4.048     4.048     4.048     16.582    0.0         2588.62  0.00473    
 500         -3.69263    0.03224     -3.66038    249.45   0.00062     0.0         4.048     4.048     4.048     16.582    0.0         2549.91  0.00435    
 600         -3.69827    0.0419      -3.65637    324.12   0.00062     0.0         4.048     4.048     4.048     16.582    0.0         2919.19  0.00433    
 700         -3.69125    0.05622     -3.63503    434.96   0.00063     0.0         4.048     4.048     4.048     16.582    0.0         3332.46  0.0044     
 800         -3.69119    0.03658     -3.65461    283.0    0.00071     0.0         4.048     4.048     4.048     16.582    0.0         2540.79  0.00465    
 900         -3.69759    0.02856     -3.66903    220.98   0.00071     0.0         4.048     4.048     4.048     16.582    0.0         2244.5   0.00465    
 1000        -3.6955     0.0403      -3.65519    311.8    0.00056     0.0         4.048     4.048     4.048     16.582    0.0         3004.74  0.00413    
 1100        -3.69744    0.03094     -3.6665     239.36   0.00058     0.0         4.048     4.048     4.048     16.582    0.0         2573.7   0.00422    
 1200        -3.6983     0.04284     -3.65546    331.4    0.00061     0.0         4.048     4.048     4.048     16.582    0.0         2964.71  0.00431    
 1300        -3.68723    0.03337     -3.65385    258.18   0.00066     0.0         4.048     4.048     4.048     16.582    0.0         2523.18  0.00447    
 1400        -3.68823    0.03829     -3.64994    296.24   0.00069     0.0         4.048     4.048     4.048     16.582    0.0         2640.93  0.00458    
 1500        -3.69442    0.04205     -3.65237    325.34   0.00061     0.0         4.048     4.048     4.048     16.582    0.0         2930.89  0.00432    
 1600        -3.69578    0.04258     -3.6532     329.42   0.0006      0.0         4.048     4.048     4.048     16.582    0.0         2984.7   0.00427    
 1700        -3.69549    0.0394      -3.65609    304.84   0.00067     0.0         4.048     4.048     4.048     16.582    0.0         2705.14  0.00454    
 1800        -3.69808    0.04132     -3.65675    319.7    0.00072     0.0         4.048     4.048     4.048     16.582    0.0         2680.09  0.00469    
 1900        -3.69805    0.03882     -3.65922    300.33   0.00063     0.0         4.048     4.048     4.048     16.582    0.0         2781.91  0.00438    
 2000        -3.69512    0.04315     -3.65197    333.81   0.00065     0.0         4.048     4.048     4.048     16.582    0.0         2874.21  0.00447    
 2100        -3.68935    0.04329     -3.64605    334.94   0.00078     0.0         4.048     4.048     4.048     16.582    0.0         2636.96  0.00488    
 2200        -3.70167    0.03943     -3.66223    305.06   0.00069     0.0         4.048     4.048     4.048     16.582    0.0         2676.36  0.00459    
 2300        -3.69342    0.0357      -3.65773    276.16   0.00065     0.0         4.048     4.048     4.048     16.582    0.0         2631.74  0.00444    
 2400        -3.69365    0.04104     -3.65261    317.47   0.00061     0.0         4.048     4.048     4.048     16.582    0.0         2897.6   0.00432    
 2500        -3.68572    0.0313      -3.65442    242.14   0.00067     0.0         4.048     4.048     4.048     16.582    0.0         2417.53  0.00452    
 2600        -3.69145    0.03537     -3.65608    273.67   0.00058     0.0         4.048     4.048     4.048     16.582    0.0         2772.65  0.00419    
 2700        -3.69381    0.03965     -3.65416    306.77   0.00061     0.0         4.048     4.048     4.048     16.582    0.0         2849.67  0.00432    
 2800        -3.69747    0.03923     -3.65824    303.48   0.00058     0.0         4.048     4.048     4.048     16.582    0.0         2910.44  0.00421    
 2900        -3.70001    0.03501     -3.665      270.83   0.00065     0.0         4.048     4.048     4.048     16.582    0.0         2596.28  0.00445    
 3000        -3.70099    0.03455     -3.66644    267.29   0.00067     0.0         4.048     4.048     4.048     16.582    0.0         2536.51  0.00453    
 3100        -3.70298    0.03189     -3.67108    246.74   0.00062     0.0         4.048     4.048     4.048     16.582    0.0         2547.85  0.00433    
 3200        -3.69398    0.03466     -3.65932    268.13   0.00065     0.0         4.048     4.048     4.048     16.582    0.0         2579.08  0.00446    
 3300        -3.69139    0.03343     -3.65797    258.61   0.00056     0.0         4.048     4.048     4.048     16.582    0.0         2734.66  0.00413    
 3400        -3.69423    0.03081     -3.66342    238.35   0.0007      0.0         4.048     4.048     4.048     16.582    0.0         2347.65  0.00462    
 3500        -3.68814    0.04268     -3.64546    330.2    0.0008      0.0         4.048     4.048     4.048     16.582    0.0         2588.18  0.00493    
 3600        -3.6874     0.03559     -3.65181    275.34   0.0008      0.0         4.048     4.048     4.048     16.582    0.0         2358.38  0.00494    
 3700        -3.69417    0.04368     -3.65049    337.89   0.00072     0.0         4.048     4.048     4.048     16.582    0.0         2760.14  0.00468    
 3800        -3.68933    0.03419     -3.65514    264.48   0.0008      0.0         4.048     4.048     4.048     16.582    0.0         2313.27  0.00494    
 3900        -3.69628    0.03594     -3.66035    278.02   0.00076     0.0         4.048     4.048     4.048     16.582    0.0         2430.8   0.00482    
 4000        -3.69731    0.04424     -3.65307    342.24   0.00067     0.0         4.048     4.048     4.048     16.582    0.0         2872.82  0.00452    
 4100        -3.69435    0.03318     -3.66117    256.68   0.00055     0.0         4.048     4.048     4.048     16.582    0.0         2740.23  0.00411    
 4200        -3.70405    0.02946     -3.67459    227.88   0.00053     0.0         4.048     4.048     4.048     16.582    0.0         2632.58  0.00403    
 4300        -3.69281    0.04003     -3.65278    309.69   0.0008      0.0         4.048     4.048     4.048     16.582    0.0         2496.34  0.00495    
 4400        -3.68719    0.04369     -3.6435     338.02   0.0008      0.0         4.048     4.048     4.048     16.582    0.0         2621.95  0.00493    
 4500        -3.69532    0.03722     -3.6581     287.95   0.00086     0.0         4.048     4.048     4.048     16.582    0.0         2328.01  0.00512    
 4600        -3.7014     0.04064     -3.66076    314.4    0.0007      0.0         4.048     4.048     4.048     16.582    0.0         2693.77  0.00463    
 4700        -3.69662    0.03553     -3.66109    274.86   0.00081     0.0         4.048     4.048     4.048     16.582    0.0         2337.38  0.00498    
 4800        -3.69253    0.03504     -3.65748    271.11   0.00087     0.0         4.048     4.048     4.048     16.582    0.0         2241.46  0.00516    
 4900        -3.6945     0.03895     -3.65555    301.33   0.00076     0.0         4.048     4.048     4.048     16.582    0.0         2536.73  0.00481    
 5000        -3.69268    0.04185     -3.65082    323.77   0.00075     0.0         4.048     4.048     4.048     16.582    0.0         2641.29  0.00479    
 5100        -3.68825    0.03733     -3.65092    288.77   0.00086     0.0         4.048     4.048     4.048     16.582    0.0         2324.46  0.00514    
 5200        -3.69001    0.03264     -3.65737    252.51   0.00072     0.0         4.048     4.048     4.048     16.582    0.0         2376.12  0.0047     
 5300        -3.68825    0.04099     -3.64727    317.08   0.00076     0.0         4.048     4.048     4.048     16.582    0.0         2605.3   0.0048     
 5400        -3.69396    0.03132     -3.66264    242.32   0.00068     0.0         4.048     4.048     4.048     16.582    0.0         2402.64  0.00455    
 5500        -3.69597    0.03414     -3.66183    264.12   0.00058     0.0         4.048     4.048     4.048     16.582    0.0         2705.62  0.00422    
 5600        -3.69814    0.0353      -3.66284    273.13   0.00063     0.0         4.048     4.048     4.048     16.582    0.0         2654.06  0.00438    
 5700        -3.68788    0.03932     -3.64856    304.19   0.001       0.0         4.048     4.048     4.048     16.582    0.0         2213.65  0.00554    
 5800        -3.68876    0.03903     -3.64973    301.91   0.00089     0.0         4.048     4.048     4.048     16.582    0.0         2340.11  0.00522    
 5900        -3.70105    0.02694     -3.67411    208.4    0.00067     0.0         4.048     4.048     4.048     16.582    0.0         2240.83  0.00453    
 6000        -3.69848    0.03327     -3.66521    257.41   0.00077     0.0         4.048     4.048     4.048     16.582    0.0         2330.75  0.00484    
 6100        -3.7049     0.04413     -3.66078    341.38   0.00066     0.0         4.048     4.048     4.048     16.582    0.0         2890.47  0.00449    
 6200        -3.68721    0.03491     -3.6523     270.08   0.00072     0.0         4.048     4.048     4.048     16.582    0.0         2471.81  0.00467    
 6300        -3.69397    0.0384      -3.65558    297.04   0.0007      0.0         4.048     4.048     4.048     16.582    0.0         2626.35  0.00461    
 6400        -3.69992    0.0349      -3.66502    270.03   0.00058     0.0         4.048     4.048     4.048     16.582    0.0         2744.7   0.00421    
 6500        -3.68873    0.03339     -3.65533    258.35   0.00062     0.0         4.048     4.048     4.048     16.582    0.0         2599.12  0.00435    
 6600        -3.70033    0.0397      -3.66063    307.17   0.00052     0.0         4.048     4.048     4.048     16.582    0.0         3092.04  0.00398    
 6700        -3.68414    0.03337     -3.65077    258.18   0.0006      0.0         4.048     4.048     4.048     16.582    0.0         2644.85  0.00427    
 6800        -3.69963    0.03903     -3.6606     301.94   0.00059     0.0         4.048     4.048     4.048     16.582    0.0         2882.66  0.00424    
 6900        -3.70236    0.03075     -3.67161    237.91   0.00046     0.0         4.048     4.048     4.048     16.582    0.0         2899.83  0.00374    
 7000        -3.69387    0.04332     -3.65055    335.17   0.00063     0.0         4.048     4.048     4.048     16.582    0.0         2938.48  0.00438    
 7100        -3.69188    0.0453      -3.64658    350.49   0.00056     0.0         4.048     4.048     4.048     16.582    0.0         3185.68  0.00413    
 7200        -3.6982     0.02624     -3.67196    203.0    0.00058     0.0         4.048     4.048     4.048     16.582    0.0         2373.46  0.00422    
 7300        -3.69659    0.02975     -3.66684    230.12   0.00076     0.0         4.048     4.048     4.048     16.582    0.0         2211.42  0.00482    
 7400        -3.69874    0.03159     -3.66715    244.41   0.00069     0.0         4.048     4.048     4.048     16.582    0.0         2402.02  0.00457    
 7500        -3.68431    0.04556     -3.63875    352.47   0.0007      0.0         4.048     4.048     4.048     16.582    0.0         2848.68  0.00463    
 7600        -3.69165    0.03833     -3.65331    296.56   0.00065     0.0         4.048     4.048     4.048     16.582    0.0         2710.93  0.00446    
 7700        -3.69302    0.04045     -3.65257    312.94   0.00063     0.0         4.048     4.048     4.048     16.582    0.0         2827.44  0.0044     
 7800        -3.69933    0.04453     -3.6548     344.51   0.00058     0.0         4.048     4.048     4.048     16.582    0.0         3109.72  0.00419    
 7900        -3.69394    0.03648     -3.65746    282.21   0.0007      0.0         4.048     4.048     4.048     16.582    0.0         2554.48  0.00462    
 8000        -3.69549    0.04946     -3.64604    382.61   0.00058     0.0         4.048     4.048     4.048     16.582    0.0         3259.77  0.00422    

Time averages:
             Epot        Ekin        Etot        Temp     MSD         Self_diff   Pressure    Spec_heat   DebyeT   Lindemann  
             eV/atom     eV/atom     eV/atom     K        Å^2         mm^2/s      GPa         J/(K*Kg)    K        1          
             -3.69452    0.03771     -3.65681    291.71   0.00067     0.0         0.0         487.36711   2664.54  0.00452    