Material ID: Al_MTP_06_60_eq_2000_ranfor_10000
Unit cell composition: Al32
Material:  Al
Site positions of initial unit cell:
 Al          Al          Al          Al         
 0.00000     0.00000     2.02395     2.02395    
 0.00000     2.02395     0.00000     2.02395    
 0.00000     2.02395     2.02395     0.00000    
Properties:
 Time        Epot        Ekin        Etot        Temp     MSD         Self_diff   LC_a      LC_b      LC_c      Volume      Pressure    DebyeT   Lindemann 
 fs          eV/atom     eV/atom     eV/atom     K        Å^2         mm^2/s      Å         Å         Å         Å^3/atom    GPa        K        1          
 100         -3.72522    0.03866     -3.68656    299.12   0.0         0.0         4.048     4.048     4.048     16.582    0.0         inf      0.0        
 200         -3.70725    0.0207      -3.68655    160.13   0.01525     0.00013     4.048     4.048     4.048     16.582    0.0         412.13   0.02158    
 300         -3.704      0.01745     -3.68655    134.98   0.033       0.00018     4.048     4.048     4.048     16.582    0.0         257.25   0.03173    
 400         -3.69797    0.01142     -3.68655    88.38    0.04989     0.00021     4.048     4.048     4.048     16.582    0.0         169.31   0.03902    
 500         -3.70636    0.0198      -3.68655    153.21   0.0637      0.00021     4.048     4.048     4.048     16.582    0.0         197.27   0.04409    
 600         -3.71456    0.02801     -3.68655    216.67   0.08485     0.00024     4.048     4.048     4.048     16.582    0.0         203.27   0.05088    
 700         -3.71162    0.02507     -3.68655    193.94   0.12205     0.00029     4.048     4.048     4.048     16.582    0.0         160.34   0.06103    
 800         -3.70969    0.02314     -3.68655    178.99   0.16473     0.00034     4.048     4.048     4.048     16.582    0.0         132.6    0.0709     
 900         -3.70199    0.01544     -3.68655    119.45   0.21386     0.0004      4.048     4.048     4.048     16.582    0.0         95.06    0.08078    
 1000        -3.70412    0.01757     -3.68655    135.9    0.26392     0.00044     4.048     4.048     4.048     16.582    0.0         91.28    0.08974    
 1100        -3.71115    0.0246      -3.68655    190.28   0.31709     0.00048     4.048     4.048     4.048     16.582    0.0         98.54    0.09837    
 1200        -3.71177    0.02522     -3.68655    195.12   0.38036     0.00053     4.048     4.048     4.048     16.582    0.0         91.11    0.10773    
 1300        -3.71117    0.02461     -3.68655    190.42   0.45103     0.00058     4.048     4.048     4.048     16.582    0.0         82.65    0.11732    
 1400        -3.70575    0.0192      -3.68655    148.52   0.53221     0.00063     4.048     4.048     4.048     16.582    0.0         67.2     0.12744    
 1500        -3.70778    0.02123     -3.68655    164.24   0.61381     0.00068     4.048     4.048     4.048     16.582    0.0         65.8     0.13686    
 1600        -3.7055     0.01895     -3.68655    146.59   0.70231     0.00073     4.048     4.048     4.048     16.582    0.0         58.12    0.14639    
 1700        -3.70645    0.0199      -3.68655    153.92   0.79557     0.00078     4.048     4.048     4.048     16.582    0.0         55.95    0.15581    
 1800        -3.70932    0.02277     -3.68655    176.12   0.89387     0.00083     4.048     4.048     4.048     16.582    0.0         56.46    0.16516    
 1900        -3.70748    0.02093     -3.68655    161.94   1.00126     0.00088     4.048     4.048     4.048     16.582    0.0         51.16    0.1748     
 2000        -3.7081     0.02155     -3.68655    166.71   1.115       0.00093     4.048     4.048     4.048     16.582    0.0         49.19    0.18446    
 2100        -3.7074     0.02084     -3.68655    161.25   1.23585     0.00098     4.048     4.048     4.048     16.582    0.0         45.95    0.19419    
 2200        -3.7067     0.02014     -3.68655    155.83   1.36031     0.00103     4.048     4.048     4.048     16.582    0.0         43.05    0.20374    
 2300        -3.71072    0.02416     -3.68655    186.92   1.48627     0.00108     4.048     4.048     4.048     16.582    0.0         45.11    0.21296    
 2400        -3.71008    0.02353     -3.68655    182.04   1.62364     0.00113     4.048     4.048     4.048     16.582    0.0         42.59    0.22259    
 2500        -3.70858    0.02203     -3.68655    170.41   1.76958     0.00118     4.048     4.048     4.048     16.582    0.0         39.47    0.23238    
 2600        -3.70682    0.02027     -3.68655    156.8    1.92345     0.00123     4.048     4.048     4.048     16.582    0.0         36.32    0.24227    
 2700        -3.70441    0.01786     -3.68655    138.17   2.07946     0.00128     4.048     4.048     4.048     16.582    0.0         32.79    0.2519     
 2800        -3.71086    0.0243      -3.68655    188.01   2.23641     0.00133     4.048     4.048     4.048     16.582    0.0         36.88    0.26123    
 2900        -3.70912    0.02257     -3.68655    174.6    2.40214     0.00138     4.048     4.048     4.048     16.582    0.0         34.29    0.27074    
 3000        -3.71059    0.02403     -3.68655    185.92   2.57687     0.00143     4.048     4.048     4.048     16.582    0.0         34.17    0.28041    
 3100        -3.70524    0.01868     -3.68655    144.55   2.75906     0.00148     4.048     4.048     4.048     16.582    0.0         29.12    0.29016    
 3200        -3.70767    0.02112     -3.68655    163.36   2.94398     0.00153     4.048     4.048     4.048     16.582    0.0         29.96    0.29972    
 3300        -3.70638    0.01983     -3.68655    153.42   3.13588     0.00158     4.048     4.048     4.048     16.582    0.0         28.14    0.30934    
 3400        -3.71154    0.02499     -3.68655    193.32   3.33063     0.00163     4.048     4.048     4.048     16.582    0.0         30.65    0.3188     
 3500        -3.70957    0.02302     -3.68655    178.08   3.53588     0.00168     4.048     4.048     4.048     16.582    0.0         28.55    0.32848    
 3600        -3.70648    0.01993     -3.68655    154.16   3.7502      0.00174     4.048     4.048     4.048     16.582    0.0         25.79    0.33828    
 3700        -3.70604    0.01948     -3.68655    150.74   3.96839     0.00179     4.048     4.048     4.048     16.582    0.0         24.79    0.34799    
 3800        -3.7082     0.02164     -3.68655    167.44   4.18802     0.00184     4.048     4.048     4.048     16.582    0.0         25.43    0.35749    
 3900        -3.70956    0.023       -3.68655    177.95   4.41593     0.00189     4.048     4.048     4.048     16.582    0.0         25.54    0.36708    
 4000        -3.70881    0.02225     -3.68655    172.17   4.64885     0.00194     4.048     4.048     4.048     16.582    0.0         24.48    0.37664    
 4100        -3.70801    0.02145     -3.68655    165.97   4.89152     0.00199     4.048     4.048     4.048     16.582    0.0         23.43    0.38635    
 4200        -3.70711    0.02056     -3.68655    159.07   5.13723     0.00204     4.048     4.048     4.048     16.582    0.0         22.38    0.39593    
 4300        -3.70618    0.01962     -3.68655    151.81   5.39283     0.00209     4.048     4.048     4.048     16.582    0.0         21.34    0.40566    
 4400        -3.70626    0.01971     -3.68655    152.44   5.65112     0.00214     4.048     4.048     4.048     16.582    0.0         20.89    0.41526    
 4500        -3.70982    0.02327     -3.68655    179.99   5.91363     0.00219     4.048     4.048     4.048     16.582    0.0         22.19    0.4248     
 4600        -3.71141    0.02485     -3.68655    192.28   6.18347     0.00224     4.048     4.048     4.048     16.582    0.0         22.43    0.43438    
 4700        -3.71064    0.02408     -3.68655    186.32   6.46483     0.00229     4.048     4.048     4.048     16.582    0.0         21.59    0.44415    
 4800        -3.70917    0.02262     -3.68655    175.0    6.74859     0.00234     4.048     4.048     4.048     16.582    0.0         20.48    0.4538     
 4900        -3.70396    0.01741     -3.68655    134.67   7.04063     0.00239     4.048     4.048     4.048     16.582    0.0         17.59    0.46351    
 5000        -3.70539    0.01884     -3.68655    145.74   7.33457     0.00244     4.048     4.048     4.048     16.582    0.0         17.93    0.47309    
 5100        -3.70634    0.01979     -3.68655    153.07   7.63435     0.00249     4.048     4.048     4.048     16.582    0.0         18.01    0.48266    
 5200        -3.70991    0.02336     -3.68655    180.7    7.94102     0.00255     4.048     4.048     4.048     16.582    0.0         19.19    0.49226    
 5300        -3.71052    0.02397     -3.68655    185.43   8.25386     0.0026      4.048     4.048     4.048     16.582    0.0         19.07    0.50186    
 5400        -3.7072     0.02064     -3.68655    159.71   8.57739     0.00265     4.048     4.048     4.048     16.582    0.0         17.36    0.5116     
 5500        -3.70912    0.02256     -3.68656    174.54   8.90184     0.0027      4.048     4.048     4.048     16.582    0.0         17.81    0.52119    
 5600        -3.70283    0.01628     -3.68655    125.96   9.23699     0.00275     4.048     4.048     4.048     16.582    0.0         14.85    0.53091    
 5700        -3.70909    0.02253     -3.68655    174.32   9.57051     0.0028      4.048     4.048     4.048     16.582    0.0         17.17    0.54041    
 5800        -3.71072    0.02417     -3.68655    186.97   9.91457     0.00285     4.048     4.048     4.048     16.582    0.0         17.47    0.55004    
 5900        -3.71078    0.02422     -3.68655    187.4    10.26465    0.0029      4.048     4.048     4.048     16.582    0.0         17.19    0.55966    
 6000        -3.70697    0.02042     -3.68655    157.98   10.62544    0.00295     4.048     4.048     4.048     16.582    0.0         15.51    0.56941    
 6100        -3.70385    0.0173      -3.68655    133.81   10.99263    0.003       4.048     4.048     4.048     16.582    0.0         14.03    0.57917    
 6200        -3.7052     0.01864     -3.68655    144.24   11.35705    0.00305     4.048     4.048     4.048     16.582    0.0         14.34    0.58869    
 6300        -3.70972    0.02316     -3.68655    179.18   11.72924    0.0031      4.048     4.048     4.048     16.582    0.0         15.72    0.59826    
 6400        -3.70908    0.02253     -3.68655    174.28   12.11029    0.00315     4.048     4.048     4.048     16.582    0.0         15.26    0.6079     
 6500        -3.70942    0.02287     -3.68655    176.9    12.49852    0.0032      4.048     4.048     4.048     16.582    0.0         15.13    0.61757    
 6600        -3.70621    0.01965     -3.68655    152.05   12.89243    0.00326     4.048     4.048     4.048     16.582    0.0         13.81    0.62722    
 6700        -3.70825    0.0217      -3.68655    167.85   13.2911     0.00331     4.048     4.048     4.048     16.582    0.0         14.3     0.63685    
 6800        -3.70728    0.02073     -3.68655    160.38   13.69549    0.00336     4.048     4.048     4.048     16.582    0.0         13.77    0.64646    
 6900        -3.7071     0.02055     -3.68655    158.99   14.10747    0.00341     4.048     4.048     4.048     16.582    0.0         13.5     0.65611    
 7000        -3.70785    0.02129     -3.68655    164.72   14.5255     0.00346     4.048     4.048     4.048     16.582    0.0         13.55    0.66576    
 7100        -3.71002    0.02347     -3.68655    181.55   14.94817    0.00351     4.048     4.048     4.048     16.582    0.0         14.02    0.67538    
 7200        -3.70782    0.02126     -3.68655    164.5    15.37971    0.00356     4.048     4.048     4.048     16.582    0.0         13.16    0.68506    
 7300        -3.70473    0.01817     -3.68655    140.6    15.81741    0.00361     4.048     4.048     4.048     16.582    0.0         11.99    0.69474    
 7400        -3.70675    0.02019     -3.68655    156.22   16.25815    0.00366     4.048     4.048     4.048     16.582    0.0         12.47    0.70435    
 7500        -3.70717    0.02061     -3.68655    159.47   16.7038     0.00371     4.048     4.048     4.048     16.582    0.0         12.43    0.71394    
 7600        -3.70777    0.02122     -3.68655    164.14   17.15879    0.00376     4.048     4.048     4.048     16.582    0.0         12.44    0.7236     
 7700        -3.70624    0.01968     -3.68655    152.27   17.61974    0.00381     4.048     4.048     4.048     16.582    0.0         11.83    0.73325    
 7800        -3.70824    0.02169     -3.68655    167.79   18.08428    0.00386     4.048     4.048     4.048     16.582    0.0         12.25    0.74286    
 7900        -3.70784    0.02129     -3.68655    164.69   18.55859    0.00392     4.048     4.048     4.048     16.582    0.0         11.98    0.75254    
 8000        -3.70756    0.02101     -3.68655    162.52   19.03631    0.00397     4.048     4.048     4.048     16.582    0.0         11.75    0.76216    
 8100        -3.70854    0.02199     -3.68655    170.11   19.52075    0.00402     4.048     4.048     4.048     16.582    0.0         11.87    0.7718     
 8200        -3.70955    0.023       -3.68655    177.94   20.01147    0.00407     4.048     4.048     4.048     16.582    0.0         11.99    0.78144    
 8300        -3.70848    0.02193     -3.68655    169.62   20.50986    0.00412     4.048     4.048     4.048     16.582    0.0         11.57    0.79111    
 8400        -3.70733    0.02077     -3.68655    160.7    21.01099    0.00417     4.048     4.048     4.048     16.582    0.0         11.12    0.80072    
 8500        -3.71122    0.02467     -3.68656    190.84   21.51702    0.00422     4.048     4.048     4.048     16.582    0.0         11.98    0.8103     
 8600        -3.70399    0.01744     -3.68655    134.92   22.03567    0.00427     4.048     4.048     4.048     16.582    0.0         9.95     0.82001    
 8700        -3.7083     0.02175     -3.68655    168.23   22.55564    0.00432     4.048     4.048     4.048     16.582    0.0         10.99    0.82963    
 8800        -3.70923    0.02268     -3.68655    175.44   23.08244    0.00437     4.048     4.048     4.048     16.582    0.0         11.09    0.83926    
 8900        -3.70825    0.02169     -3.68655    167.83   23.6167     0.00442     4.048     4.048     4.048     16.582    0.0         10.72    0.84892    
 9000        -3.71078    0.02422     -3.68655    187.41   24.15551    0.00447     4.048     4.048     4.048     16.582    0.0         11.2     0.85855    
 9100        -3.70575    0.0192      -3.68655    148.52   24.70323    0.00452     4.048     4.048     4.048     16.582    0.0         9.86     0.86822    
 9200        -3.70972    0.02317     -3.68655    179.22   25.2535     0.00457     4.048     4.048     4.048     16.582    0.0         10.72    0.87784    
 9300        -3.70688    0.02033     -3.68655    157.27   25.81168    0.00463     4.048     4.048     4.048     16.582    0.0         9.93     0.88749    
 9400        -3.70688    0.02033     -3.68655    157.29   26.37752    0.00468     4.048     4.048     4.048     16.582    0.0         9.82     0.89716    
 9500        -3.7098     0.02324     -3.68655    179.81   26.94472    0.00473     4.048     4.048     4.048     16.582    0.0         10.39    0.90676    
 9600        -3.70851    0.02196     -3.68655    169.9    27.52088    0.00478     4.048     4.048     4.048     16.582    0.0         9.99     0.9164     
 9700        -3.71005    0.0235      -3.68655    181.81   28.10217    0.00483     4.048     4.048     4.048     16.582    0.0         10.23    0.92603    
 9800        -3.70872    0.02216     -3.68655    171.45   28.69014    0.00488     4.048     4.048     4.048     16.582    0.0         9.83     0.93567    
 9900        -3.7094     0.02284     -3.68655    176.71   29.28476    0.00493     4.048     4.048     4.048     16.582    0.0         9.88     0.94531    
 10000       -3.70566    0.01911     -3.68655    147.83   29.88698    0.00498     4.048     4.048     4.048     16.582    0.0         8.95     0.95498    
 10100       -3.70449    0.01793     -3.68655    138.74   30.49358    0.00503     4.048     4.048     4.048     16.582    0.0         8.58     0.96463    

Time averages:
             Epot        Ekin        Etot        Temp     MSD         Self_diff   Pressure    Spec_heat   DebyeT   Lindemann  
             eV/atom     eV/atom     eV/atom     K        Å^2         mm^2/s      GPa         J/(K*Kg)    K        1          
             -3.70788    0.02132     -3.68655    164.98   10.32713    0.00255     0.0         479.19311   39.3     0.48812    