Material ID: Al_MTP_06_1_eq_0_offset_2000_ranfor_10000
Unit cell composition: Al32
Material:  Al
Site positions of initial unit cell:
 Al          Al          Al          Al         
 0.00000     0.00000     2.02395     2.02395    
 0.00000     2.02395     0.00000     2.02395    
 0.00000     2.02395     2.02395     0.00000    
Properties:
 Time        Epot        Ekin        Etot        Temp     MSD         Self_diff   LC_a      LC_b      LC_c      Volume      Pressure    DebyeT   Lindemann 
 fs          eV/atom     eV/atom     eV/atom     K        Å^2         mm^2/s      Å         Å         Å         Å^3/atom    GPa        K        1          
 100         -3.69114    0.03132     -3.65982    242.31   5e-05       0.0         4.048     4.048     4.048     16.582    0.0         8521.16  0.00128    
 200         -3.68556    0.03979     -3.64577    307.81   4e-05       0.0         4.048     4.048     4.048     16.582    0.0         11751.21 0.00105    
 300         -3.68173    0.03461     -3.64712    267.75   7e-05       0.0         4.048     4.048     4.048     16.582    0.0         8033.81  0.00143    
 400         -3.68136    0.03634     -3.64502    281.12   5e-05       0.0         4.048     4.048     4.048     16.582    0.0         9748.78  0.00121    
 500         -3.69545    0.04574     -3.64971    353.83   5e-05       0.0         4.048     4.048     4.048     16.582    0.0         10757.86 0.00123    
 600         -3.68641    0.04704     -3.63937    363.88   5e-05       0.0         4.048     4.048     4.048     16.582    0.0         10911.33 0.00123    
 700         -3.68982    0.04474     -3.64508    346.13   5e-05       0.0         4.048     4.048     4.048     16.582    0.0         10431.05 0.00125    
 800         -3.68012    0.04263     -3.63749    329.83   5e-05       0.0         4.048     4.048     4.048     16.582    0.0         9928.46  0.00129    
 900         -3.68724    0.03689     -3.65035    285.39   5e-05       0.0         4.048     4.048     4.048     16.582    0.0         9818.91  0.00121    
 1000        -3.69131    0.03271     -3.65859    253.08   4e-05       0.0         4.048     4.048     4.048     16.582    0.0         10119.33 0.0011     
 1100        -3.68698    0.03767     -3.64931    291.45   5e-05       0.0         4.048     4.048     4.048     16.582    0.0         10176.98 0.00118    
 1200        -3.69272    0.03653     -3.65619    282.63   5e-05       0.0         4.048     4.048     4.048     16.582    0.0         9962.31  0.00119    
 1300        -3.68224    0.03173     -3.65051    245.51   5e-05       0.0         4.048     4.048     4.048     16.582    0.0         8747.93  0.00126    
 1400        -3.68667    0.03903     -3.64764    301.91   5e-05       0.0         4.048     4.048     4.048     16.582    0.0         9737.16  0.00125    
 1500        -3.69216    0.03464     -3.65752    267.98   5e-05       0.0         4.048     4.048     4.048     16.582    0.0         9264.35  0.00124    
 1600        -3.68742    0.02987     -3.65756    231.07   5e-05       0.0         4.048     4.048     4.048     16.582    0.0         8415.46  0.00127    
 1700        -3.68259    0.02672     -3.65587    206.68   5e-05       0.0         4.048     4.048     4.048     16.582    0.0         8330.25  0.00121    
 1800        -3.68091    0.02861     -3.65231    221.32   6e-05       0.0         4.048     4.048     4.048     16.582    0.0         7968.61  0.00131    
 1900        -3.68457    0.04139     -3.64319    320.18   5e-05       0.0         4.048     4.048     4.048     16.582    0.0         10172.25 0.00124    
 2000        -3.68993    0.03928     -3.65065    303.89   5e-05       0.0         4.048     4.048     4.048     16.582    0.0         9879.45  0.00124    
 2100        -3.69272    0.04134     -3.65138    319.84   5e-05       0.0         4.048     4.048     4.048     16.582    0.0         10611.45 0.00118    
 2200        -3.68523    0.03562     -3.64961    275.54   5e-05       0.0         4.048     4.048     4.048     16.582    0.0         9249.48  0.00126    
 2300        -3.69804    0.03489     -3.66315    269.92   4e-05       0.0         4.048     4.048     4.048     16.582    0.0         10204.34 0.00113    
 2400        -3.68903    0.03902     -3.65001    301.88   5e-05       0.0         4.048     4.048     4.048     16.582    0.0         9775.55  0.00125    
 2500        -3.69116    0.03573     -3.65542    276.45   5e-05       0.0         4.048     4.048     4.048     16.582    0.0         9483.01  0.00123    
 2600        -3.68899    0.04218     -3.64681    326.31   5e-05       0.0         4.048     4.048     4.048     16.582    0.0         9979.93  0.00127    
 2700        -3.6928     0.03535     -3.65745    273.49   3e-05       0.0         4.048     4.048     4.048     16.582    0.0         11277.62 0.00103    
 2800        -3.68814    0.03454     -3.6536     267.25   5e-05       0.0         4.048     4.048     4.048     16.582    0.0         9049.15  0.00127    
 2900        -3.68313    0.03393     -3.64921    262.48   6e-05       0.0         4.048     4.048     4.048     16.582    0.0         8434.56  0.00135    
 3000        -3.69241    0.03699     -3.65542    286.16   5e-05       0.0         4.048     4.048     4.048     16.582    0.0         9586.12  0.00124    
 3100        -3.69032    0.03925     -3.65107    303.69   4e-05       0.0         4.048     4.048     4.048     16.582    0.0         11091.4  0.0011     
 3200        -3.68865    0.04095     -3.64769    316.84   5e-05       0.0         4.048     4.048     4.048     16.582    0.0         9723.17  0.00129    
 3300        -3.68885    0.0377      -3.65115    291.64   5e-05       0.0         4.048     4.048     4.048     16.582    0.0         10004.55 0.0012     
 3400        -3.68442    0.03266     -3.65176    252.71   7e-05       0.0         4.048     4.048     4.048     16.582    0.0         7547.23  0.00148    
 3500        -3.69094    0.04277     -3.64818    330.87   3e-05       0.0         4.048     4.048     4.048     16.582    0.0         12767.45 0.001      
 3600        -3.68897    0.03865     -3.65033    298.99   5e-05       0.0         4.048     4.048     4.048     16.582    0.0         10172.78 0.00119    
 3700        -3.68779    0.03604     -3.65175    278.82   5e-05       0.0         4.048     4.048     4.048     16.582    0.0         9957.57  0.00118    
 3800        -3.69461    0.04946     -3.64515    382.65   5e-05       0.0         4.048     4.048     4.048     16.582    0.0         10799.54 0.00127    
 3900        -3.69256    0.02937     -3.66319    227.2    5e-05       0.0         4.048     4.048     4.048     16.582    0.0         8452.16  0.00125    
 4000        -3.68381    0.02802     -3.6558     216.74   6e-05       0.0         4.048     4.048     4.048     16.582    0.0         7397.11  0.0014     
 4100        -3.69439    0.03027     -3.66412    234.19   5e-05       0.0         4.048     4.048     4.048     16.582    0.0         9127.14  0.00118    
 4200        -3.6872     0.03457     -3.65263    267.47   6e-05       0.0         4.048     4.048     4.048     16.582    0.0         8699.49  0.00132    
 4300        -3.69422    0.03991     -3.65432    308.72   5e-05       0.0         4.048     4.048     4.048     16.582    0.0         10218.18 0.00121    
 4400        -3.69352    0.0504      -3.64312    389.91   5e-05       0.0         4.048     4.048     4.048     16.582    0.0         11310.98 0.00123    
 4500        -3.69204    0.0318      -3.66025    246.0    5e-05       0.0         4.048     4.048     4.048     16.582    0.0         9357.25  0.00118    
 4600        -3.69091    0.03134     -3.65956    242.48   5e-05       0.0         4.048     4.048     4.048     16.582    0.0         8526.58  0.00128    
 4700        -3.67977    0.03002     -3.64975    232.26   5e-05       0.0         4.048     4.048     4.048     16.582    0.0         8300.59  0.00129    
 4800        -3.68385    0.04148     -3.64237    320.9    7e-05       0.0         4.048     4.048     4.048     16.582    0.0         8687.15  0.00145    
 4900        -3.68117    0.04316     -3.63801    333.87   5e-05       0.0         4.048     4.048     4.048     16.582    0.0         9960.48  0.00129    
 5000        -3.68886    0.03462     -3.65424    267.8    5e-05       0.0         4.048     4.048     4.048     16.582    0.0         9408.84  0.00122    
 5100        -3.69601    0.03098     -3.66503    239.65   5e-05       0.0         4.048     4.048     4.048     16.582    0.0         9248.68  0.00118    
 5200        -3.68816    0.03218     -3.65598    248.95   5e-05       0.0         4.048     4.048     4.048     16.582    0.0         8925.27  0.00124    
 5300        -3.6895     0.0418      -3.6477     323.4    5e-05       0.0         4.048     4.048     4.048     16.582    0.0         10250.38 0.00123    
 5400        -3.69223    0.04168     -3.65055    322.45   5e-05       0.0         4.048     4.048     4.048     16.582    0.0         10695.57 0.00118    
 5500        -3.69636    0.03394     -3.66243    262.54   6e-05       0.0         4.048     4.048     4.048     16.582    0.0         8669.15  0.00131    
 5600        -3.69092    0.03861     -3.65231    298.71   5e-05       0.0         4.048     4.048     4.048     16.582    0.0         9649.96  0.00126    
 5700        -3.68537    0.04615     -3.63922    357.0    7e-05       0.0         4.048     4.048     4.048     16.582    0.0         9412.76  0.00141    
 5800        -3.68206    0.0394      -3.64266    304.82   5e-05       0.0         4.048     4.048     4.048     16.582    0.0         9527.11  0.00129    
 5900        -3.677      0.04278     -3.63422    330.95   7e-05       0.0         4.048     4.048     4.048     16.582    0.0         8849.11  0.00144    
 6000        -3.68735    0.03186     -3.65549    246.5    6e-05       0.0         4.048     4.048     4.048     16.582    0.0         8215.91  0.00134    
 6100        -3.69294    0.03564     -3.6573     275.74   5e-05       0.0         4.048     4.048     4.048     16.582    0.0         9407.28  0.00124    
 6200        -3.69139    0.03772     -3.65367    291.79   6e-05       0.0         4.048     4.048     4.048     16.582    0.0         9035.95  0.00133    
 6300        -3.69589    0.03364     -3.66225    260.27   5e-05       0.0         4.048     4.048     4.048     16.582    0.0         9034.0   0.00125    
 6400        -3.693      0.03971     -3.65329    307.2    6e-05       0.0         4.048     4.048     4.048     16.582    0.0         9026.77  0.00136    
 6500        -3.68766    0.0327      -3.65496    252.96   6e-05       0.0         4.048     4.048     4.048     16.582    0.0         8150.42  0.00137    
 6600        -3.68737    0.037       -3.65038    286.23   5e-05       0.0         4.048     4.048     4.048     16.582    0.0         9206.35  0.00129    
 6700        -3.68626    0.05168     -3.63458    399.82   6e-05       0.0         4.048     4.048     4.048     16.582    0.0         10532.82 0.00133    
 6800        -3.695      0.04522     -3.64979    349.8    5e-05       0.0         4.048     4.048     4.048     16.582    0.0         11115.36 0.00118    
 6900        -3.69646    0.04543     -3.65103    351.43   5e-05       0.0         4.048     4.048     4.048     16.582    0.0         10548.0  0.00125    
 7000        -3.6877     0.04301     -3.64469    332.71   6e-05       0.0         4.048     4.048     4.048     16.582    0.0         9247.53  0.00139    
 7100        -3.68645    0.0452      -3.64126    349.65   6e-05       0.0         4.048     4.048     4.048     16.582    0.0         9650.35  0.00136    
 7200        -3.69355    0.04137     -3.65218    320.08   5e-05       0.0         4.048     4.048     4.048     16.582    0.0         9916.75  0.00127    
 7300        -3.68859    0.0385      -3.65009    297.89   6e-05       0.0         4.048     4.048     4.048     16.582    0.0         9156.56  0.00132    
 7400        -3.67311    0.03585     -3.63725    277.37   7e-05       0.0         4.048     4.048     4.048     16.582    0.0         7763.21  0.00151    
 7500        -3.68911    0.0418      -3.64732    323.34   5e-05       0.0         4.048     4.048     4.048     16.582    0.0         10179.85 0.00124    
 7600        -3.69445    0.03989     -3.65456    308.62   5e-05       0.0         4.048     4.048     4.048     16.582    0.0         9877.62  0.00125    
 7700        -3.68893    0.03338     -3.65556    258.21   5e-05       0.0         4.048     4.048     4.048     16.582    0.0         9103.64  0.00124    
 7800        -3.67979    0.03496     -3.64483    270.47   6e-05       0.0         4.048     4.048     4.048     16.582    0.0         8438.47  0.00137    
 7900        -3.68405    0.04054     -3.64352    313.59   6e-05       0.0         4.048     4.048     4.048     16.582    0.0         9326.44  0.00133    
 8000        -3.67951    0.03769     -3.64182    291.56   7e-05       0.0         4.048     4.048     4.048     16.582    0.0         8517.03  0.00141    

Time averages:
             Epot        Ekin        Etot        Temp     MSD         Self_diff   Pressure    Spec_heat   DebyeT   Lindemann  
             eV/atom     eV/atom     eV/atom     K        Å^2         mm^2/s      GPa         J/(K*Kg)    K        1          
             -3.68839    0.03775     -3.65064    292.01   5e-05       0.0         0.0         488.31184   9531.45  0.00126    