Material ID: Al_MTP
Unit cell composition: Al32
Material:  Al
Site positions of initial unit cell:
 Al          Al          Al          Al         
 0.00000     0.00000     2.02395     2.02395    
 0.00000     2.02395     0.00000     2.02395    
 0.00000     2.02395     2.02395     0.00000    
Properties:
 Time        Epot        Ekin        Etot        Temp     MSD         Self_diff   LC_a      LC_b      LC_c      Volume      Pressure    DebyeT   Lindemann 
 fs          eV/atom     eV/atom     eV/atom     K        Å^2         mm^2/s      Å         Å         Å         Å^3/atom    GPa        K        1          
 100         -3.72826    0.04445     -3.68381    343.87   0.0         0.0         4.048     4.048     4.048     16.582    0.0         inf      0.0        
 200         -3.70797    0.02416     -3.68381    186.94   0.01847     0.00015     4.048     4.048     4.048     16.582    0.0         404.71   0.02374    
 300         -3.70067    0.01687     -3.68381    130.49   0.03521     0.0002      4.048     4.048     4.048     16.582    0.0         244.88   0.03278    
 400         -3.6955     0.0117      -3.68381    90.51    0.05486     0.00023     4.048     4.048     4.048     16.582    0.0         163.38   0.04092    
 500         -3.70943    0.02562     -3.68381    198.2    0.06796     0.00023     4.048     4.048     4.048     16.582    0.0         217.23   0.04554    
 600         -3.71173    0.02792     -3.68381    216.03   0.09409     0.00026     4.048     4.048     4.048     16.582    0.0         192.75   0.05358    
 700         -3.71091    0.0271      -3.68381    209.66   0.13593     0.00032     4.048     4.048     4.048     16.582    0.0         157.98   0.06441    
 800         -3.70592    0.02211     -3.68381    171.05   0.18299     0.00038     4.048     4.048     4.048     16.582    0.0         122.99   0.07472    
 900         -3.7038     0.01999     -3.68381    154.68   0.23389     0.00043     4.048     4.048     4.048     16.582    0.0         103.45   0.08448    
 1000        -3.70811    0.0243      -3.68381    187.97   0.28748     0.00048     4.048     4.048     4.048     16.582    0.0         102.86   0.09366    
 1100        -3.7074     0.02359     -3.68381    182.48   0.35012     0.00053     4.048     4.048     4.048     16.582    0.0         91.83    0.10336    

Time averages:
             Epot        Ekin        Etot        Temp     MSD         Self_diff   Pressure    Spec_heat   DebyeT   Lindemann  
             eV/atom     eV/atom     eV/atom     K        Å^2         mm^2/s      GPa         J/(K*Kg)    K        1          
             -3.70614    0.02234     -3.68381    172.8    0.1461      0.00034     0.0         524.47694   180.21   0.06172    