Material ID: Al_MTP_10_200
Unit cell composition: Al32
Material:  Al
Site positions of initial unit cell:
 Al          Al          Al          Al         
 0.00000     0.00000     2.02395     2.02395    
 0.00000     2.02395     0.00000     2.02395    
 0.00000     2.02395     2.02395     0.00000    
Properties:
 Time        Epot        Ekin        Etot        Temp     MSD         Self_diff   LC_a      LC_b      LC_c      Volume      Pressure    DebyeT   Lindemann 
 fs          eV/atom     eV/atom     eV/atom     K        Å^2         mm^2/s      Å         Å         Å         Å^3/atom    GPa        K        1          
 100         -3.7286     0.0376      -3.691      290.91   0.0         0.0         4.048     4.048     4.048     16.582    0.0         inf      0.0        
 200         -3.70743    0.01644     -3.69099    127.16   0.01723     0.00014     4.048     4.048     4.048     16.582    0.0         345.52   0.02293    
 300         -3.70806    0.01707     -3.69099    132.07   0.03908     0.00022     4.048     4.048     4.048     16.582    0.0         233.84   0.03453    
 400         -3.70112    0.01013     -3.69099    78.41    0.06998     0.00029     4.048     4.048     4.048     16.582    0.0         134.64   0.04621    
 500         -3.71384    0.02285     -3.69099    176.79   0.09712     0.00032     4.048     4.048     4.048     16.582    0.0         171.62   0.05444    
 600         -3.71348    0.02249     -3.69099    174.01   0.14541     0.0004      4.048     4.048     4.048     16.582    0.0         139.15   0.06661    
 700         -3.70942    0.01843     -3.69099    142.55   0.20953     0.0005      4.048     4.048     4.048     16.582    0.0         104.92   0.07996    
 800         -3.70687    0.01588     -3.69099    122.83   0.28111     0.00059     4.048     4.048     4.048     16.582    0.0         84.08    0.09262    
 900         -3.70695    0.01596     -3.69099    123.47   0.36047     0.00067     4.048     4.048     4.048     16.582    0.0         74.45    0.10488    
 1000        -3.71374    0.02275     -3.69099    175.97   0.44813     0.00075     4.048     4.048     4.048     16.582    0.0         79.71    0.11694    
 1100        -3.71157    0.02057     -3.69099    159.18   0.54937     0.00083     4.048     4.048     4.048     16.582    0.0         68.47    0.12948    
 1200        -3.71531    0.02432     -3.69099    188.12   0.66245     0.00092     4.048     4.048     4.048     16.582    0.0         67.79    0.14218    
 1300        -3.7085     0.01751     -3.69099    135.49   0.78814     0.00101     4.048     4.048     4.048     16.582    0.0         52.74    0.15508    
 1400        -3.70834    0.01735     -3.69099    134.22   0.92559     0.0011      4.048     4.048     4.048     16.582    0.0         48.44    0.16806    
 1500        -3.70731    0.01632     -3.69099    126.28   1.07211     0.00119     4.048     4.048     4.048     16.582    0.0         43.66    0.18087    
 1600        -3.70914    0.01815     -3.69099    140.39   1.22508     0.00128     4.048     4.048     4.048     16.582    0.0         43.06    0.19335    
 1700        -3.71498    0.02399     -3.69099    185.59   1.38941     0.00136     4.048     4.048     4.048     16.582    0.0         46.49    0.20591    
 1800        -3.71053    0.01954     -3.69099    151.2    1.57032     0.00145     4.048     4.048     4.048     16.582    0.0         39.47    0.2189     
 1900        -3.71132    0.02033     -3.69099    157.3    1.76049     0.00154     4.048     4.048     4.048     16.582    0.0         38.02    0.23178    
 2000        -3.70907    0.01808     -3.69099    139.84   1.95967     0.00163     4.048     4.048     4.048     16.582    0.0         33.98    0.24454    
 2100        -3.71306    0.02207     -3.69099    170.72   2.16594     0.00172     4.048     4.048     4.048     16.582    0.0         35.71    0.25709    
 2200        -3.71124    0.02025     -3.69099    156.66   2.38865     0.00181     4.048     4.048     4.048     16.582    0.0         32.58    0.26998    
 2300        -3.71071    0.01972     -3.69099    152.54   2.62263     0.0019      4.048     4.048     4.048     16.582    0.0         30.68    0.28289    
 2400        -3.70997    0.01898     -3.69099    146.82   2.86543     0.00199     4.048     4.048     4.048     16.582    0.0         28.79    0.2957     
 2500        -3.71036    0.01937     -3.69099    149.86   3.11836     0.00208     4.048     4.048     4.048     16.582    0.0         27.89    0.30847    
 2600        -3.71111    0.02011     -3.69099    155.61   3.38056     0.00217     4.048     4.048     4.048     16.582    0.0         27.29    0.32118    
 2700        -3.70883    0.01784     -3.69099    138.03   3.65626     0.00226     4.048     4.048     4.048     16.582    0.0         24.72    0.33402    
 2800        -3.7098     0.01881     -3.69099    145.55   3.94472     0.00235     4.048     4.048     4.048     16.582    0.0         24.43    0.34695    
 2900        -3.70918    0.01819     -3.69099    140.75   4.24068     0.00244     4.048     4.048     4.048     16.582    0.0         23.17    0.35973    
 3000        -3.71186    0.02087     -3.69099    161.47   4.54443     0.00252     4.048     4.048     4.048     16.582    0.0         23.98    0.37239    
 3100        -3.71214    0.02115     -3.69099    163.61   4.86122     0.00261     4.048     4.048     4.048     16.582    0.0         23.34    0.38515    
 3200        -3.70731    0.01632     -3.69099    126.24   5.19368     0.00271     4.048     4.048     4.048     16.582    0.0         19.83    0.3981     
 3300        -3.70925    0.01826     -3.69099    141.26   5.53238     0.00279     4.048     4.048     4.048     16.582    0.0         20.33    0.41088    
 3400        -3.70848    0.01749     -3.69099    135.31   5.88241     0.00288     4.048     4.048     4.048     16.582    0.0         19.29    0.42368    
 3500        -3.71152    0.02053     -3.69099    158.81   6.24302     0.00297     4.048     4.048     4.048     16.582    0.0         20.29    0.43647    
 3600        -3.70858    0.01759     -3.69099    136.06   6.61541     0.00306     4.048     4.048     4.048     16.582    0.0         18.24    0.4493     
 3700        -3.71066    0.01967     -3.69099    152.2    6.99812     0.00315     4.048     4.048     4.048     16.582    0.0         18.76    0.46211    
 3800        -3.71103    0.02004     -3.69099    155.03   7.39079     0.00324     4.048     4.048     4.048     16.582    0.0         18.42    0.4749     
 3900        -3.71018    0.01919     -3.69099    148.46   7.79474     0.00333     4.048     4.048     4.048     16.582    0.0         17.55    0.4877     
 4000        -3.71282    0.02183     -3.69099    168.87   8.20979     0.00342     4.048     4.048     4.048     16.582    0.0         18.24    0.50052    
 4100        -3.71118    0.02019     -3.69099    156.21   8.63712     0.00351     4.048     4.048     4.048     16.582    0.0         17.11    0.51338    
 4200        -3.71174    0.02075     -3.69099    160.5    9.07411     0.0036      4.048     4.048     4.048     16.582    0.0         16.92    0.52621    
 4300        -3.70759    0.0166      -3.69099    128.43   9.52187     0.00369     4.048     4.048     4.048     16.582    0.0         14.77    0.53903    
 4400        -3.71244    0.02145     -3.69099    165.96   9.97862     0.00378     4.048     4.048     4.048     16.582    0.0         16.4     0.55181    
 4500        -3.71005    0.01906     -3.69099    147.47   10.44901    0.00387     4.048     4.048     4.048     16.582    0.0         15.11    0.56467    
 4600        -3.70993    0.01894     -3.69099    146.51   10.93046    0.00396     4.048     4.048     4.048     16.582    0.0         14.73    0.57753    
 4700        -3.70946    0.01847     -3.69099    142.9    11.42114    0.00405     4.048     4.048     4.048     16.582    0.0         14.23    0.59035    
 4800        -3.71107    0.02008     -3.69099    155.34   11.92218    0.00414     4.048     4.048     4.048     16.582    0.0         14.52    0.60316    
 4900        -3.71115    0.02016     -3.69099    155.98   12.43148    0.00423     4.048     4.048     4.048     16.582    0.0         14.25    0.61591    
 5000        -3.70966    0.01867     -3.69099    144.41   12.95471    0.00432     4.048     4.048     4.048     16.582    0.0         13.43    0.62874    
 5100        -3.71026    0.01927     -3.69099    149.1    13.48879    0.00441     4.048     4.048     4.048     16.582    0.0         13.37    0.64157    
 5200        -3.70896    0.01797     -3.69099    139.03   14.03479    0.0045      4.048     4.048     4.048     16.582    0.0         12.66    0.65442    
 5300        -3.71081    0.01982     -3.69099    153.33   14.58884    0.00459     4.048     4.048     4.048     16.582    0.0         13.04    0.66721    
 5400        -3.71163    0.02063     -3.69099    159.64   15.15263    0.00468     4.048     4.048     4.048     16.582    0.0         13.06    0.67998    
 5500        -3.71271    0.02172     -3.69099    168.0    15.72958    0.00477     4.048     4.048     4.048     16.582    0.0         13.15    0.69281    
 5600        -3.71032    0.01933     -3.69099    149.58   16.31793    0.00486     4.048     4.048     4.048     16.582    0.0         12.18    0.70565    
 5700        -3.7115     0.02051     -3.69099    158.66   16.91699    0.00495     4.048     4.048     4.048     16.582    0.0         12.32    0.71848    
 5800        -3.70999    0.019       -3.69099    146.97   17.52667    0.00504     4.048     4.048     4.048     16.582    0.0         11.65    0.73132    
 5900        -3.71108    0.02009     -3.69099    155.4    18.14546    0.00513     4.048     4.048     4.048     16.582    0.0         11.77    0.74411    
 6000        -3.71206    0.02107     -3.69099    162.97   18.77529    0.00522     4.048     4.048     4.048     16.582    0.0         11.85    0.75692    
 6100        -3.71086    0.01987     -3.69099    153.68   19.41798    0.00531     4.048     4.048     4.048     16.582    0.0         11.32    0.76976    
 6200        -3.70985    0.01886     -3.69099    145.89   20.07319    0.0054      4.048     4.048     4.048     16.582    0.0         10.84    0.78264    
 6300        -3.70869    0.0177      -3.69099    136.91   20.73638    0.00549     4.048     4.048     4.048     16.582    0.0         10.34    0.79547    
 6400        -3.70841    0.01742     -3.69099    134.74   21.40931    0.00558     4.048     4.048     4.048     16.582    0.0         10.09    0.80827    
 6500        -3.71102    0.02003     -3.69099    154.95   22.09211    0.00566     4.048     4.048     4.048     16.582    0.0         10.65    0.82106    
 6600        -3.71159    0.0206      -3.69099    159.39   22.78686    0.00575     4.048     4.048     4.048     16.582    0.0         10.64    0.83387    
 6700        -3.71284    0.02185     -3.69099    169.02   23.49422    0.00584     4.048     4.048     4.048     16.582    0.0         10.79    0.84671    
 6800        -3.70792    0.01693     -3.69099    130.95   24.21309    0.00593     4.048     4.048     4.048     16.582    0.0         9.35     0.85957    
 6900        -3.70825    0.01726     -3.69099    133.51   24.93828    0.00602     4.048     4.048     4.048     16.582    0.0         9.31     0.87235    
 7000        -3.70987    0.01888     -3.69099    146.04   25.67652    0.00611     4.048     4.048     4.048     16.582    0.0         9.59     0.88516    
 7100        -3.71465    0.02366     -3.69099    183.03   26.42312    0.0062      4.048     4.048     4.048     16.582    0.0         10.59    0.89794    
 7200        -3.71185    0.02086     -3.69099    161.36   27.18532    0.00629     4.048     4.048     4.048     16.582    0.0         9.8      0.9108     
 7300        -3.70904    0.01805     -3.69099    139.63   27.95832    0.00638     4.048     4.048     4.048     16.582    0.0         8.99     0.92366    
 7400        -3.70932    0.01833     -3.69099    141.79   28.73918    0.00647     4.048     4.048     4.048     16.582    0.0         8.93     0.93647    
 7500        -3.71274    0.02175     -3.69099    168.25   29.53121    0.00656     4.048     4.048     4.048     16.582    0.0         9.6      0.94928    
 7600        -3.71091    0.01992     -3.69099    154.09   30.33437    0.00665     4.048     4.048     4.048     16.582    0.0         9.07     0.96211    
 7700        -3.7094     0.01841     -3.69099    142.43   31.1507     0.00674     4.048     4.048     4.048     16.582    0.0         8.6      0.97497    
 7800        -3.70913    0.01814     -3.69099    140.32   31.97485    0.00683     4.048     4.048     4.048     16.582    0.0         8.43     0.98778    
 7900        -3.71264    0.02165     -3.69099    167.48   32.80891    0.00692     4.048     4.048     4.048     16.582    0.0         9.09     1.00058    
 8000        -3.711      0.02001     -3.69099    154.79   33.65575    0.00701     4.048     4.048     4.048     16.582    0.0         8.63     1.01341    
 8100        -3.71017    0.01918     -3.69099    148.39   34.51305    0.0071      4.048     4.048     4.048     16.582    0.0         8.34     1.02624    
 8200        -3.7078     0.01681     -3.69099    130.07   35.38091    0.00719     4.048     4.048     4.048     16.582    0.0         7.71     1.03906    
 8300        -3.71133    0.02034     -3.69099    157.33   36.25749    0.00728     4.048     4.048     4.048     16.582    0.0         8.38     1.05185    
 8400        -3.71514    0.02415     -3.69099    186.82   37.14521    0.00737     4.048     4.048     4.048     16.582    0.0         9.02     1.06465    
 8500        -3.71116    0.02017     -3.69099    156.05   38.04664    0.00746     4.048     4.048     4.048     16.582    0.0         8.15     1.07749    
 8600        -3.70734    0.01635     -3.69099    126.51   38.95983    0.00755     4.048     4.048     4.048     16.582    0.0         7.25     1.09034    
 8700        -3.70603    0.01504     -3.69099    116.36   39.88384    0.00764     4.048     4.048     4.048     16.582    0.0         6.87     1.1032     
 8800        -3.71131    0.02031     -3.69099    157.15   40.8127     0.00773     4.048     4.048     4.048     16.582    0.0         7.89     1.11597    
 8900        -3.71195    0.02096     -3.69099    162.12   41.75488    0.00782     4.048     4.048     4.048     16.582    0.0         7.93     1.12878    
 9000        -3.70891    0.01792     -3.69099    138.67   42.71011    0.00791     4.048     4.048     4.048     16.582    0.0         7.25     1.14162    
 9100        -3.7083     0.01731     -3.69099    133.89   43.67824    0.008       4.048     4.048     4.048     16.582    0.0         7.04     1.15448    
 9200        -3.70746    0.01647     -3.69099    127.38   44.65325    0.00809     4.048     4.048     4.048     16.582    0.0         6.79     1.1673     
 9300        -3.71128    0.02029     -3.69099    156.99   45.63707    0.00818     4.048     4.048     4.048     16.582    0.0         7.46     1.18009    
 9400        -3.70956    0.01857     -3.69099    143.64   46.63479    0.00827     4.048     4.048     4.048     16.582    0.0         7.06     1.19292    
 9500        -3.71174    0.02075     -3.69099    160.52   47.64184    0.00836     4.048     4.048     4.048     16.582    0.0         7.38     1.20573    
 9600        -3.70876    0.01777     -3.69099    137.48   48.66258    0.00845     4.048     4.048     4.048     16.582    0.0         6.76     1.21858    
 9700        -3.71323    0.02223     -3.69099    172.01   49.69014    0.00854     4.048     4.048     4.048     16.582    0.0         7.48     1.23138    
 9800        -3.71078    0.01978     -3.69099    153.05   50.73176    0.00863     4.048     4.048     4.048     16.582    0.0         6.99     1.24421    
 9900        -3.7102     0.01921     -3.69099    148.63   51.7829     0.00872     4.048     4.048     4.048     16.582    0.0         6.81     1.25704    
 10000       -3.70901    0.01802     -3.69099    139.43   52.84565    0.00881     4.048     4.048     4.048     16.582    0.0         6.53     1.26987    
 10100       -3.71179    0.02079     -3.69099    160.87   53.91738    0.0089      4.048     4.048     4.048     16.582    0.0         6.95     1.28268    
 10200       -3.71337    0.02238     -3.69099    173.14   54.99999    0.00899     4.048     4.048     4.048     16.582    0.0         7.14     1.2955     
 10300       -3.70848    0.01749     -3.69099    135.34   56.09695    0.00908     4.048     4.048     4.048     16.582    0.0         6.25     1.30835    
 10400       -3.70814    0.01715     -3.69099    132.67   57.20378    0.00917     4.048     4.048     4.048     16.582    0.0         6.13     1.3212     
 10500       -3.71081    0.01981     -3.69099    153.29   58.31705    0.00926     4.048     4.048     4.048     16.582    0.0         6.52     1.33399    
 10600       -3.71245    0.02145     -3.69099    165.97   59.44279    0.00935     4.048     4.048     4.048     16.582    0.0         6.72     1.34681    
 10700       -3.7101     0.01911     -3.69099    147.85   60.58139    0.00944     4.048     4.048     4.048     16.582    0.0         6.28     1.35964    
 10800       -3.70934    0.01835     -3.69099    141.98   61.72891    0.00953     4.048     4.048     4.048     16.582    0.0         6.1      1.37246    
 10900       -3.70982    0.01883     -3.69099    145.66   62.88867    0.00962     4.048     4.048     4.048     16.582    0.0         6.12     1.38529    
 11000       -3.71056    0.01957     -3.69099    151.38   64.05761    0.00971     4.048     4.048     4.048     16.582    0.0         6.18     1.39811    
 11100       -3.71111    0.02011     -3.69099    155.61   65.23879    0.0098      4.048     4.048     4.048     16.582    0.0         6.21     1.41094    
 11200       -3.70859    0.0176      -3.69099    136.18   66.42917    0.00989     4.048     4.048     4.048     16.582    0.0         5.76     1.42375    
 11300       -3.7081     0.01711     -3.69099    132.39   67.63272    0.00998     4.048     4.048     4.048     16.582    0.0         5.63     1.43659    
 11400       -3.70911    0.01812     -3.69099    140.19   68.84467    0.01007     4.048     4.048     4.048     16.582    0.0         5.74     1.44941    
 11500       -3.71302    0.02203     -3.69099    170.44   70.0677     0.01015     4.048     4.048     4.048     16.582    0.0         6.27     1.46222    
 11600       -3.71086    0.01987     -3.69099    153.73   71.30186    0.01024     4.048     4.048     4.048     16.582    0.0         5.91     1.47505    
 11700       -3.71355    0.02255     -3.69099    174.49   72.54612    0.01033     4.048     4.048     4.048     16.582    0.0         6.24     1.48786    
 11800       -3.71021    0.01921     -3.69099    148.64   73.80483    0.01042     4.048     4.048     4.048     16.582    0.0         5.71     1.50071    
 11900       -3.70999    0.019       -3.69099    147.0    75.072      0.01051     4.048     4.048     4.048     16.582    0.0         5.63     1.51354    
 12000       -3.71062    0.01963     -3.69099    151.83   76.34855    0.0106      4.048     4.048     4.048     16.582    0.0         5.67     1.52636    
 12100       -3.71195    0.02096     -3.69099    162.16   77.63434    0.01069     4.048     4.048     4.048     16.582    0.0         5.81     1.53915    
 12200       -3.71069    0.0197      -3.69099    152.4    78.93534    0.01078     4.048     4.048     4.048     16.582    0.0         5.59     1.552      
 12300       -3.71133    0.02034     -3.69099    157.35   80.24617    0.01087     4.048     4.048     4.048     16.582    0.0         5.63     1.56483    
 12400       -3.71018    0.01919     -3.69099    148.45   81.56918    0.01096     4.048     4.048     4.048     16.582    0.0         5.43     1.57768    
 12500       -3.70966    0.01867     -3.69099    144.41   82.89849    0.01105     4.048     4.048     4.048     16.582    0.0         5.31     1.59048    
 12600       -3.71106    0.02007     -3.69099    155.29   84.23958    0.01114     4.048     4.048     4.048     16.582    0.0         5.46     1.60329    
 12700       -3.71448    0.02348     -3.69099    181.68   85.59065    0.01123     4.048     4.048     4.048     16.582    0.0         5.86     1.6161     
 12800       -3.71184    0.02085     -3.69099    161.31   86.95665    0.01132     4.048     4.048     4.048     16.582    0.0         5.48     1.62895    
 12900       -3.70665    0.01566     -3.69099    121.14   88.33423    0.01141     4.048     4.048     4.048     16.582    0.0         4.71     1.6418     
 13000       -3.70932    0.01832     -3.69099    141.77   89.71843    0.0115      4.048     4.048     4.048     16.582    0.0         5.06     1.65461    
 13100       -3.70939    0.0184      -3.69099    142.33   91.11547    0.01159     4.048     4.048     4.048     16.582    0.0         5.03     1.66744    
 13200       -3.71328    0.02229     -3.69099    172.45   92.51967    0.01168     4.048     4.048     4.048     16.582    0.0         5.49     1.68024    
 13300       -3.71133    0.02034     -3.69099    157.34   93.93733    0.01177     4.048     4.048     4.048     16.582    0.0         5.21     1.69307    
 13400       -3.70748    0.01648     -3.69099    127.53   95.37084    0.01186     4.048     4.048     4.048     16.582    0.0         4.65     1.70594    
 13500       -3.70763    0.01664     -3.69099    128.71   96.80932    0.01195     4.048     4.048     4.048     16.582    0.0         4.64     1.71875    
 13600       -3.71296    0.02197     -3.69099    169.94   98.25504    0.01204     4.048     4.048     4.048     16.582    0.0         5.29     1.73154    
 13700       -3.7101     0.01911     -3.69099    147.81   99.71638    0.01213     4.048     4.048     4.048     16.582    0.0         4.9      1.74437    
 13800       -3.71158    0.02059     -3.69099    159.29   101.1885    0.01222     4.048     4.048     4.048     16.582    0.0         5.05     1.7572     
 13900       -3.70817    0.01718     -3.69099    132.88   102.6732    0.01231     4.048     4.048     4.048     16.582    0.0         4.58     1.77004    
 14000       -3.71026    0.01927     -3.69099    149.07   104.16448   0.0124      4.048     4.048     4.048     16.582    0.0         4.81     1.78285    
 14100       -3.71225    0.02126     -3.69099    164.46   105.66606   0.01249     4.048     4.048     4.048     16.582    0.0         5.02     1.79566    
 14200       -3.70885    0.01786     -3.69099    138.16   107.18217   0.01258     4.048     4.048     4.048     16.582    0.0         4.57     1.80849    
 14300       -3.70879    0.0178      -3.69099    137.73   108.70854   0.01267     4.048     4.048     4.048     16.582    0.0         4.53     1.82132    
 14400       -3.71128    0.02029     -3.69099    156.98   110.24443   0.01276     4.048     4.048     4.048     16.582    0.0         4.8      1.83414    
 14500       -3.71099    0.01999     -3.69099    154.66   111.79435   0.01285     4.048     4.048     4.048     16.582    0.0         4.73     1.84699    
 14600       -3.70835    0.01736     -3.69099    134.27   113.3509    0.01294     4.048     4.048     4.048     16.582    0.0         4.38     1.85981    
 14700       -3.71126    0.02026     -3.69099    156.76   114.91862   0.01303     4.048     4.048     4.048     16.582    0.0         4.7      1.87262    
 14800       -3.7148     0.02381     -3.69099    184.19   116.49585   0.01312     4.048     4.048     4.048     16.582    0.0         5.06     1.88543    
 14900       -3.71266    0.02167     -3.69099    167.64   118.08667   0.01321     4.048     4.048     4.048     16.582    0.0         4.79     1.89826    
 15000       -3.71267    0.02168     -3.69099    167.69   119.68791   0.0133      4.048     4.048     4.048     16.582    0.0         4.76     1.91109    
 15100       -3.70762    0.01663     -3.69099    128.66   121.3028    0.01339     4.048     4.048     4.048     16.582    0.0         4.14     1.92394    
 15200       -3.70921    0.01822     -3.69099    140.97   122.92535   0.01348     4.048     4.048     4.048     16.582    0.0         4.31     1.93676    
 15300       -3.71091    0.01992     -3.69099    154.11   124.5576    0.01357     4.048     4.048     4.048     16.582    0.0         4.47     1.94958    
 15400       -3.71369    0.0227      -3.69099    175.6    126.19902   0.01366     4.048     4.048     4.048     16.582    0.0         4.74     1.96238    
 15500       -3.71166    0.02067     -3.69099    159.91   127.85424   0.01375     4.048     4.048     4.048     16.582    0.0         4.5      1.97521    
 15600       -3.70741    0.01642     -3.69099    127.01   129.52371   0.01384     4.048     4.048     4.048     16.582    0.0         3.98     1.98806    
 15700       -3.70802    0.01703     -3.69099    131.75   131.20118   0.01393     4.048     4.048     4.048     16.582    0.0         4.03     2.00089    
 15800       -3.70958    0.01858     -3.69099    143.76   132.88778   0.01402     4.048     4.048     4.048     16.582    0.0         4.18     2.01371    
 15900       -3.71374    0.02275     -3.69099    175.96   134.58032   0.01411     4.048     4.048     4.048     16.582    0.0         4.6      2.0265     
 16000       -3.71415    0.02315     -3.69099    179.11   136.2879    0.0142      4.048     4.048     4.048     16.582    0.0         4.61     2.03931    
 16100       -3.7128     0.0218      -3.69099    168.68   138.01137   0.01429     4.048     4.048     4.048     16.582    0.0         4.45     2.05217    
 16200       -3.70987    0.01887     -3.69099    146.01   139.74418   0.01438     4.048     4.048     4.048     16.582    0.0         4.11     2.06501    
 16300       -3.70654    0.01555     -3.69099    120.3    141.48799   0.01447     4.048     4.048     4.048     16.582    0.0         3.71     2.07785    
 16400       -3.70866    0.01767     -3.69099    136.72   143.2364    0.01456     4.048     4.048     4.048     16.582    0.0         3.93     2.09065    
 16500       -3.70989    0.0189      -3.69099    146.2    144.99852   0.01465     4.048     4.048     4.048     16.582    0.0         4.04     2.10347    
 16600       -3.71083    0.01984     -3.69099    153.48   146.77113   0.01474     4.048     4.048     4.048     16.582    0.0         4.11     2.11629    
 16700       -3.71156    0.02057     -3.69099    159.1    148.55621   0.01483     4.048     4.048     4.048     16.582    0.0         4.16     2.12912    
 16800       -3.70897    0.01798     -3.69099    139.08   150.35193   0.01492     4.048     4.048     4.048     16.582    0.0         3.87     2.14195    
 16900       -3.7107     0.01971     -3.69099    152.45   152.15676   0.01501     4.048     4.048     4.048     16.582    0.0         4.03     2.15477    
 17000       -3.71131    0.02032     -3.69099    157.2    153.97257   0.0151      4.048     4.048     4.048     16.582    0.0         4.06     2.16759    
 17100       -3.71312    0.02212     -3.69099    171.14   155.79949   0.01519     4.048     4.048     4.048     16.582    0.0         4.22     2.18041    
 17200       -3.71094    0.01994     -3.69099    154.28   157.63984   0.01528     4.048     4.048     4.048     16.582    0.0         3.98     2.19325    
 17300       -3.71008    0.01909     -3.69099    147.69   159.48973   0.01537     4.048     4.048     4.048     16.582    0.0         3.87     2.20608    
 17400       -3.70938    0.01839     -3.69099    142.27   161.34836   0.01545     4.048     4.048     4.048     16.582    0.0         3.78     2.2189     
 17500       -3.71136    0.02037     -3.69099    157.58   163.21764   0.01554     4.048     4.048     4.048     16.582    0.0         3.95     2.23172    
 17600       -3.711      0.02001     -3.69099    154.8    165.10013   0.01563     4.048     4.048     4.048     16.582    0.0         3.89     2.24455    
 17700       -3.70858    0.01758     -3.69099    136.04   166.9936    0.01572     4.048     4.048     4.048     16.582    0.0         3.63     2.25738    
 17800       -3.71043    0.01943     -3.69099    150.33   168.89584   0.01581     4.048     4.048     4.048     16.582    0.0         3.8      2.2702     
 17900       -3.70947    0.01848     -3.69099    142.94   170.80861   0.0159      4.048     4.048     4.048     16.582    0.0         3.68     2.28302    
 18000       -3.71029    0.01929     -3.69099    149.27   172.73263   0.01599     4.048     4.048     4.048     16.582    0.0         3.74     2.29584    
 18100       -3.71035    0.01936     -3.69099    149.78   174.66886   0.01608     4.048     4.048     4.048     16.582    0.0         3.72     2.30868    
 18200       -3.70948    0.01848     -3.69099    142.99   176.61535   0.01617     4.048     4.048     4.048     16.582    0.0         3.62     2.3215     
 18300       -3.71073    0.01974     -3.69099    152.69   178.57052   0.01626     4.048     4.048     4.048     16.582    0.0         3.72     2.33432    
 18400       -3.70985    0.01886     -3.69099    145.93   180.53737   0.01635     4.048     4.048     4.048     16.582    0.0         3.62     2.34714    
 18500       -3.71574    0.02474     -3.691      191.41   182.51401   0.01644     4.048     4.048     4.048     16.582    0.0         4.12     2.35995    
 18600       -3.70713    0.01614     -3.69099    124.87   184.50696   0.01653     4.048     4.048     4.048     16.582    0.0         3.31     2.3728     
 18700       -3.71291    0.02192     -3.691      169.54   186.50551   0.01662     4.048     4.048     4.048     16.582    0.0         3.84     2.38562    
 18800       -3.70832    0.01732     -3.69099    134.02   188.51647   0.01671     4.048     4.048     4.048     16.582    0.0         3.39     2.39845    
 18900       -3.71341    0.02242     -3.69099    173.44   190.53541   0.0168      4.048     4.048     4.048     16.582    0.0         3.84     2.41125    
 19000       -3.71072    0.01973     -3.69099    152.64   192.5713    0.01689     4.048     4.048     4.048     16.582    0.0         3.58     2.4241     
 19100       -3.71211    0.02111     -3.69099    163.35   194.61222   0.01698     4.048     4.048     4.048     16.582    0.0         3.69     2.43691    
 19200       -3.71092    0.01992     -3.69099    154.13   196.66676   0.01707     4.048     4.048     4.048     16.582    0.0         3.56     2.44974    
 19300       -3.71026    0.01927     -3.69099    149.05   198.73305   0.01716     4.048     4.048     4.048     16.582    0.0         3.48     2.46258    
 19400       -3.71069    0.01969     -3.69099    152.36   200.80712   0.01725     4.048     4.048     4.048     16.582    0.0         3.5      2.4754     
 19500       -3.70883    0.01784     -3.69099    138.03   202.89301   0.01734     4.048     4.048     4.048     16.582    0.0         3.32     2.48822    
 19600       -3.71174    0.02075     -3.69099    160.53   204.98776   0.01743     4.048     4.048     4.048     16.582    0.0         3.56     2.50103    
 19700       -3.71106    0.02007     -3.69099    155.24   207.09735   0.01752     4.048     4.048     4.048     16.582    0.0         3.48     2.51387    
 19800       -3.71065    0.01966     -3.69099    152.1    209.21679   0.01761     4.048     4.048     4.048     16.582    0.0         3.43     2.5267     
 19900       -3.7082     0.0172      -3.69099    133.1    211.34643   0.0177      4.048     4.048     4.048     16.582    0.0         3.19     2.53953    
 20000       -3.70798    0.01699     -3.69099    131.43   213.48851   0.01779     4.048     4.048     4.048     16.582    0.0         3.16     2.55236    
 20100       -3.70882    0.01783     -3.69099    137.92   215.63659   0.01788     4.048     4.048     4.048     16.582    0.0         3.22     2.56517    

Time averages:
             Epot        Ekin        Etot        Temp     MSD         Self_diff   Pressure    Spec_heat   DebyeT   Lindemann  
             eV/atom     eV/atom     eV/atom     K        Å^2         mm^2/s      GPa         J/(K*Kg)    K        1          
             -3.71042    0.01942     -3.69099    150.27   72.42715    0.00899     0.0         476.01097   17.08    1.28939    