Material ID: Al_MTP_10_100_eq_2000_ranfor_10000
Unit cell composition: Al32
Material:  Al
Site positions of initial unit cell:
 Al          Al          Al          Al         
 0.00000     0.00000     2.02395     2.02395    
 0.00000     2.02395     0.00000     2.02395    
 0.00000     2.02395     2.02395     0.00000    
Properties:
 Time        Epot        Ekin        Etot        Temp     MSD         Self_diff   LC_a      LC_b      LC_c      Volume      Pressure    DebyeT   Lindemann 
 fs          eV/atom     eV/atom     eV/atom     K        Å^2         mm^2/s      Å         Å         Å         Å^3/atom    GPa        K        1          
 100         -3.73141    0.02545     -3.70597    196.87   0.0         0.0         4.048     4.048     4.048     16.582    0.0         inf      0.0        
 200         -3.70127    0.04447     -3.6568     344.04   0.019       0.00016     4.048     4.048     4.048     16.582    0.0         541.31   0.02408    
 300         -3.70194    0.03438     -3.66755    266.0    0.02072     0.00012     4.048     4.048     4.048     16.582    0.0         455.75   0.02515    
 400         -3.69548    0.03523     -3.66025    272.53   0.02501     0.0001      4.048     4.048     4.048     16.582    0.0         419.9    0.02763    
 500         -3.698      0.03434     -3.66366    265.64   0.02428     8e-05       4.048     4.048     4.048     16.582    0.0         420.77   0.02722    
 600         -3.69653    0.0359      -3.66063    277.74   0.02456     7e-05       4.048     4.048     4.048     16.582    0.0         427.72   0.02738    
 700         -3.70265    0.0416      -3.66105    321.84   0.02001     5e-05       4.048     4.048     4.048     16.582    0.0         510.18   0.02471    
 800         -3.7049     0.03714     -3.66776    287.3    0.01702     4e-05       4.048     4.048     4.048     16.582    0.0         522.62   0.02279    
 900         -3.69556    0.04254     -3.65303    329.07   0.02019     4e-05       4.048     4.048     4.048     16.582    0.0         513.52   0.02482    
 1000        -3.69406    0.03851     -3.65555    297.93   0.02647     4e-05       4.048     4.048     4.048     16.582    0.0         426.76   0.02842    
 1100        -3.69568    0.0414      -3.65428    320.29   0.02781     4e-05       4.048     4.048     4.048     16.582    0.0         431.67   0.02913    
 1200        -3.69184    0.04037     -3.65147    312.32   0.02772     4e-05       4.048     4.048     4.048     16.582    0.0         426.96   0.02908    
 1300        -3.69117    0.03887     -3.65229    300.73   0.02566     3e-05       4.048     4.048     4.048     16.582    0.0         435.46   0.02798    
 1400        -3.6952     0.03456     -3.66064    267.4    0.02349     3e-05       4.048     4.048     4.048     16.582    0.0         429.2    0.02677    
 1500        -3.69304    0.04023     -3.65281    311.23   0.02418     3e-05       4.048     4.048     4.048     16.582    0.0         456.39   0.02716    
 1600        -3.70271    0.03387     -3.66884    262.05   0.02061     2e-05       4.048     4.048     4.048     16.582    0.0         453.58   0.02508    
 1700        -3.70396    0.02919     -3.67477    225.85   0.01848     2e-05       4.048     4.048     4.048     16.582    0.0         444.66   0.02375    
 1800        -3.69649    0.03486     -3.66163    269.67   0.02391     2e-05       4.048     4.048     4.048     16.582    0.0         427.21   0.02701    
 1900        -3.69819    0.04726     -3.65093    365.62   0.02241     2e-05       4.048     4.048     4.048     16.582    0.0         513.75   0.02615    
 2000        -3.69837    0.04893     -3.64944    378.57   0.02241     2e-05       4.048     4.048     4.048     16.582    0.0         522.84   0.02615    
 2100        -3.70113    0.04302     -3.65811    332.79   0.01899     2e-05       4.048     4.048     4.048     16.582    0.0         532.52   0.02407    
 2200        -3.69284    0.04428     -3.64856    342.57   0.02364     2e-05       4.048     4.048     4.048     16.582    0.0         484.21   0.02686    
 2300        -3.69174    0.0351      -3.65664    271.53   0.02493     2e-05       4.048     4.048     4.048     16.582    0.0         419.77   0.02758    
 2400        -3.70023    0.03411     -3.66612    263.92   0.02181     2e-05       4.048     4.048     4.048     16.582    0.0         442.5    0.0258     
 2500        -3.6892     0.02659     -3.66261    205.74   0.0273      2e-05       4.048     4.048     4.048     16.582    0.0         349.21   0.02886    
 2600        -3.70231    0.04016     -3.66215    310.68   0.0208      1e-05       4.048     4.048     4.048     16.582    0.0         491.57   0.0252     
 2700        -3.69352    0.03806     -3.65546    294.43   0.0252      2e-05       4.048     4.048     4.048     16.582    0.0         434.78   0.02773    
 2800        -3.69694    0.03524     -3.66169    272.65   0.02306     1e-05       4.048     4.048     4.048     16.582    0.0         437.37   0.02653    
 2900        -3.69712    0.04182     -3.65531    323.52   0.02251     1e-05       4.048     4.048     4.048     16.582    0.0         482.22   0.02621    
 3000        -3.69699    0.02764     -3.66934    213.86   0.0268      1e-05       4.048     4.048     4.048     16.582    0.0         359.33   0.0286     
 3100        -3.69856    0.03358     -3.66498    259.78   0.02296     1e-05       4.048     4.048     4.048     16.582    0.0         427.85   0.02647    
 3200        -3.69476    0.02525     -3.66951    195.32   0.02878     1e-05       4.048     4.048     4.048     16.582    0.0         331.36   0.02964    
 3300        -3.69851    0.04145     -3.65705    320.71   0.02416     1e-05       4.048     4.048     4.048     16.582    0.0         463.42   0.02715    
 3400        -3.69155    0.03102     -3.66053    239.95   0.02759     1e-05       4.048     4.048     4.048     16.582    0.0         375.13   0.02902    
 3500        -3.69529    0.036       -3.65929    278.51   0.02748     1e-05       4.048     4.048     4.048     16.582    0.0         404.93   0.02896    
 3600        -3.70617    0.0507      -3.65547    392.24   0.01809     1e-05       4.048     4.048     4.048     16.582    0.0         592.25   0.0235     
 3700        -3.70477    0.0414      -3.66336    320.3    0.01936     1e-05       4.048     4.048     4.048     16.582    0.0         517.46   0.0243     
 3800        -3.68647    0.04333     -3.64314    335.24   0.02835     1e-05       4.048     4.048     4.048     16.582    0.0         437.4    0.02941    
 3900        -3.69408    0.04238     -3.6517     327.88   0.02814     1e-05       4.048     4.048     4.048     16.582    0.0         434.23   0.0293     
 4000        -3.69549    0.03496     -3.66053    270.48   0.02304     1e-05       4.048     4.048     4.048     16.582    0.0         435.81   0.02652    
 4100        -3.69353    0.04661     -3.64691    360.63   0.02534     1e-05       4.048     4.048     4.048     16.582    0.0         479.88   0.02781    
 4200        -3.69673    0.04415     -3.65258    341.55   0.02316     1e-05       4.048     4.048     4.048     16.582    0.0         488.52   0.02658    
 4300        -3.69544    0.03211     -3.66334    248.38   0.02427     1e-05       4.048     4.048     4.048     16.582    0.0         406.91   0.02722    
 4400        -3.68759    0.03934     -3.64825    304.38   0.02626     1e-05       4.048     4.048     4.048     16.582    0.0         433.06   0.02831    
 4500        -3.68367    0.04345     -3.64022    336.17   0.03384     1e-05       4.048     4.048     4.048     16.582    0.0         400.9    0.03214    
 4600        -3.69498    0.04057     -3.65441    313.86   0.02614     1e-05       4.048     4.048     4.048     16.582    0.0         440.79   0.02824    
 4700        -3.68367    0.04018     -3.64349    310.81   0.0329      1e-05       4.048     4.048     4.048     16.582    0.0         390.97   0.03169    
 4800        -3.69754    0.04151     -3.65603    321.14   0.02044     1e-05       4.048     4.048     4.048     16.582    0.0         504.2    0.02497    
 4900        -3.69553    0.04008     -3.65545    310.08   0.02357     1e-05       4.048     4.048     4.048     16.582    0.0         461.39   0.02682    
 5000        -3.69717    0.04392     -3.65324    339.79   0.02183     1e-05       4.048     4.048     4.048     16.582    0.0         501.88   0.02581    
 5100        -3.70355    0.03624     -3.6673     280.4    0.01759     1e-05       4.048     4.048     4.048     16.582    0.0         507.86   0.02317    
 5200        -3.69608    0.03622     -3.65986    280.18   0.0224      1e-05       4.048     4.048     4.048     16.582    0.0         449.84   0.02615    
 5300        -3.70048    0.03675     -3.66373    284.3    0.01984     1e-05       4.048     4.048     4.048     16.582    0.0         481.48   0.02461    
 5400        -3.69938    0.02869     -3.67069    221.95   0.0227      1e-05       4.048     4.048     4.048     16.582    0.0         397.72   0.02632    
 5500        -3.70295    0.03417     -3.66878    264.33   0.01855     1e-05       4.048     4.048     4.048     16.582    0.0         480.15   0.02379    
 5600        -3.69726    0.03912     -3.65814    302.63   0.02353     1e-05       4.048     4.048     4.048     16.582    0.0         456.16   0.0268     
 5700        -3.69471    0.03098     -3.66373    239.7    0.02406     1e-05       4.048     4.048     4.048     16.582    0.0         401.48   0.0271     
 5800        -3.69805    0.03798     -3.66007    293.8    0.02195     1e-05       4.048     4.048     4.048     16.582    0.0         465.4    0.02588    
 5900        -3.69717    0.03872     -3.65845    299.54   0.02341     1e-05       4.048     4.048     4.048     16.582    0.0         455.05   0.02673    
 6000        -3.69571    0.02944     -3.66627    227.73   0.0231      1e-05       4.048     4.048     4.048     16.582    0.0         399.37   0.02655    
 6100        -3.70134    0.03276     -3.66858    253.43   0.02101     1e-05       4.048     4.048     4.048     16.582    0.0         441.84   0.02532    
 6200        -3.6946     0.03214     -3.66245    248.68   0.02022     1e-05       4.048     4.048     4.048     16.582    0.0         446.14   0.02484    
 6300        -3.69996    0.03183     -3.66812    246.28   0.01952     1e-05       4.048     4.048     4.048     16.582    0.0         451.82   0.02441    
 6400        -3.69257    0.04567     -3.6469     353.3    0.02347     1e-05       4.048     4.048     4.048     16.582    0.0         493.48   0.02676    
 6500        -3.70021    0.03483     -3.66538    269.47   0.02313     1e-05       4.048     4.048     4.048     16.582    0.0         434.15   0.02657    
 6600        -3.69289    0.03665     -3.65624    283.56   0.0261      1e-05       4.048     4.048     4.048     16.582    0.0         419.31   0.02822    
 6700        -3.68283    0.04054     -3.64228    313.67   0.03168     1e-05       4.048     4.048     4.048     16.582    0.0         400.24   0.03109    
 6800        -3.69199    0.04661     -3.64538    360.63   0.02502     1e-05       4.048     4.048     4.048     16.582    0.0         482.94   0.02763    
 6900        -3.69268    0.0416      -3.65108    321.87   0.02945     1e-05       4.048     4.048     4.048     16.582    0.0         420.51   0.02998    
 7000        -3.69152    0.03211     -3.65941    248.43   0.03231     1e-05       4.048     4.048     4.048     16.582    0.0         352.7    0.0314     
 7100        -3.69581    0.0344      -3.66141    266.09   0.02267     1e-05       4.048     4.048     4.048     16.582    0.0         435.79   0.0263     
 7200        -3.69474    0.05771     -3.63703    446.49   0.02241     1e-05       4.048     4.048     4.048     16.582    0.0         567.78   0.02615    
 7300        -3.70247    0.03755     -3.66492    290.49   0.01961     0.0         4.048     4.048     4.048     16.582    0.0         489.61   0.02446    
 7400        -3.69581    0.04117     -3.65463    318.52   0.02844     1e-05       4.048     4.048     4.048     16.582    0.0         425.73   0.02946    
 7500        -3.70004    0.03619     -3.66385    279.99   0.02233     0.0         4.048     4.048     4.048     16.582    0.0         450.44   0.0261     
 7600        -3.69871    0.04198     -3.65673    324.73   0.02104     0.0         4.048     4.048     4.048     16.582    0.0         499.68   0.02534    
 7700        -3.69873    0.03701     -3.66172    286.34   0.02381     1e-05       4.048     4.048     4.048     16.582    0.0         441.1    0.02696    
 7800        -3.68565    0.03392     -3.65173    262.44   0.03142     1e-05       4.048     4.048     4.048     16.582    0.0         367.62   0.03096    
 7900        -3.68724    0.03873     -3.64852    299.59   0.03054     1e-05       4.048     4.048     4.048     16.582    0.0         398.43   0.03053    
 8000        -3.70025    0.04304     -3.65721    332.94   0.02152     0.0         4.048     4.048     4.048     16.582    0.0         500.36   0.02562    
 8100        -3.7026     0.05271     -3.64988    407.81   0.02072     0.0         4.048     4.048     4.048     16.582    0.0         564.32   0.02515    
 8200        -3.69284    0.03596     -3.65688    278.21   0.02546     1e-05       4.048     4.048     4.048     16.582    0.0         420.48   0.02787    
 8300        -3.69027    0.03534     -3.65493    273.42   0.02775     1e-05       4.048     4.048     4.048     16.582    0.0         399.31   0.0291     
 8400        -3.69239    0.03543     -3.65696    274.09   0.029       1e-05       4.048     4.048     4.048     16.582    0.0         391.06   0.02975    
 8500        -3.68252    0.03286     -3.64966    254.21   0.03607     1e-05       4.048     4.048     4.048     16.582    0.0         337.69   0.03318    
 8600        -3.69585    0.03348     -3.66237    259.0    0.02493     0.0         4.048     4.048     4.048     16.582    0.0         409.98   0.02758    
 8700        -3.68741    0.04069     -3.64671    314.82   0.03122     1e-05       4.048     4.048     4.048     16.582    0.0         403.96   0.03086    
 8800        -3.69285    0.03639     -3.65646    281.51   0.03129     1e-05       4.048     4.048     4.048     16.582    0.0         381.55   0.0309     
 8900        -3.69475    0.02529     -3.66946    195.64   0.02847     1e-05       4.048     4.048     4.048     16.582    0.0         333.46   0.02947    
 9000        -3.69821    0.03678     -3.66143    284.54   0.02343     0.0         4.048     4.048     4.048     16.582    0.0         443.31   0.02674    
 9100        -3.69646    0.03186     -3.66461    246.47   0.02194     0.0         4.048     4.048     4.048     16.582    0.0         426.32   0.02588    
 9200        -3.69202    0.03694     -3.65508    285.78   0.02873     1e-05       4.048     4.048     4.048     16.582    0.0         401.17   0.02961    
 9300        -3.70016    0.04858     -3.65158    375.83   0.02085     0.0         4.048     4.048     4.048     16.582    0.0         540.11   0.02522    
 9400        -3.69078    0.03706     -3.65372    286.72   0.02464     0.0         4.048     4.048     4.048     16.582    0.0         433.91   0.02742    
 9500        -3.70141    0.04753     -3.65388    367.73   0.02494     0.0         4.048     4.048     4.048     16.582    0.0         488.45   0.02759    
 9600        -3.69714    0.03704     -3.6601     286.53   0.02593     0.0         4.048     4.048     4.048     16.582    0.0         422.85   0.02813    
 9700        -3.69333    0.0339      -3.65943    262.28   0.03113     1e-05       4.048     4.048     4.048     16.582    0.0         369.24   0.03082    
 9800        -3.6988     0.03203     -3.66677    247.77   0.02475     0.0         4.048     4.048     4.048     16.582    0.0         402.46   0.02748    
 9900        -3.69735    0.03499     -3.66236    270.67   0.02491     0.0         4.048     4.048     4.048     16.582    0.0         419.27   0.02757    
 10000       -3.70152    0.03388     -3.66764    262.14   0.02101     0.0         4.048     4.048     4.048     16.582    0.0         449.32   0.02532    
 10100       -3.69131    0.04033     -3.65098    312.03   0.02781     0.0         4.048     4.048     4.048     16.582    0.0         426.06   0.02913    

Time averages:
             Epot        Ekin        Etot        Temp     MSD         Self_diff   Pressure    Spec_heat   DebyeT   Lindemann  
             eV/atom     eV/atom     eV/atom     K        Å^2         mm^2/s      GPa         J/(K*Kg)    K        1          
             -3.69535    0.03774     -3.65761    291.93   0.02487     1e-05       0.0         494.99746   438.85   0.02746    