4.318933009312860283e-01 5.935775669730428694e-01 5.122689524696375507e-01
3.406363092209658272e-01 4.923299717512166773e-01 5.000084614048886378e-01
5.349538064267695958e-01 7.204911988367053155e-01 6.185181008366122946e-01
5.401355255337016992e-01 5.966664874239591132e-01 3.453244738920899226e-01
4.396840473133241667e-01 5.411725133378656460e-01 4.671222976767347435e-01
6.121694447692511698e-01 8.568599904979612436e-01 5.423933613805881349e-01
5.839938477154297258e-01 5.952560244593707584e-01 7.721145490097074404e-01
5.504549330180981137e-01 3.878122443226209026e-01 2.694905396052501567e-01
6.939233470216381594e-01 7.463233067771666285e-01 6.282521293595627609e-01
4.169450843620715053e-01 5.430188506673523374e-01 7.109776267249844350e-01
6.430836944030006164e-01 6.388298877894842409e-01 5.361239324085169677e-01
5.333392236364931094e-01 8.194493784579465201e-01 4.578555888518802686e-01
6.648640130406411330e-01 7.402679286486697485e-01 7.021377295048873979e-01
6.484578425353608733e-01 9.492500421462254367e-01 5.276544006825747424e-01
5.679227209091091133e-01 7.788407938250666573e-01 4.627487130297325835e-01
6.342636110707098318e-01 1.041595554968058446e+00 4.420092236096832550e-01
8.286722606968205396e-01 7.702587414560284618e-01 4.351748519767798529e-01
4.749472004642035228e-01 3.834251015014375485e-01 4.458598070678915226e-01
6.716981641177983686e-01 5.295588911436566182e-01 8.212743175879284596e-01
6.734808924533738361e-01 6.376610252203318563e-01 7.439687692095402483e-01
6.785419945767102723e-01 8.190303711287505450e-01 4.785522687567606015e-01
4.186114462215276277e-01 6.355030136451146339e-01 4.530693240785527709e-01
7.443116766666362238e-01 4.999255065012192523e-01 6.496735637353289183e-01
9.318380548880822456e-01 6.160538230259989811e-01 4.531081303198540300e-01
5.608519457737618508e-01 7.045605484650283579e-01 3.140592287061579335e-01
4.921576039098592981e-01 6.208277100953346617e-01 3.729707292746058389e-01
4.173051314391476585e-01 5.284807763546356396e-01 3.137498553496130826e-01
4.057656658229396029e-01 3.530379876292343844e-01 5.719354145777477694e-01
7.657632126466953348e-01 6.739283067889544343e-01 4.649981477389500406e-01
4.342364920802561090e-01 6.467343103379367131e-01 4.412887223083237220e-01
6.912375955117996407e-01 6.512304778601810673e-01 4.688173629175776957e-01
7.245860876488221525e-01 6.745655107233021752e-01 5.282498105361632668e-01
