7.473582809704264474e-01 3.839778510522330879e-01 7.678824453487330670e-01
1.022348410150471176e+00 7.793692705109335206e-01 9.976592752974005052e-01
7.811989612663028382e-01 7.692120898154528597e-01 8.088170326916779285e-01
5.542754469828092834e-01 7.725367106918054061e-01 8.976181045828557359e-01
6.734833405330478140e-01 8.348991991191094808e-01 8.355912028320503504e-01
8.149425640973944063e-01 9.459617874334584897e-01 8.681175039753570299e-01
1.058130281213752077e+00 6.933093305138074980e-01 8.782628909905412229e-01
7.296013123614834006e-01 5.601501244075389740e-01 7.332560824170550884e-01
7.086273932334903325e-01 8.022909326898297611e-01 6.102624890388687051e-01
5.303661247854759564e-01 5.751774784876133584e-01 7.803125859221577976e-01
8.926449191322746168e-01 9.728089733071801914e-01 7.621130081859255334e-01
9.162773870419085309e-01 9.633194062334923258e-01 6.273974093785530393e-01
8.131936001904207512e-01 6.566503749416936486e-01 8.991712848355782883e-01
1.058281017141747826e+00 1.119679524360625233e+00 6.776572574636641200e-01
8.039550525539930215e-01 1.015466541794634914e+00 9.717884711057974689e-01
6.547781870510158697e-01 1.074418910510263281e+00 5.375211434666971044e-01
1.149978207819145171e+00 5.883304528606884132e-01 5.018292305310957380e-01
9.615694844299033095e-01 7.231064400146244298e-01 6.760625642346963504e-01
7.649110396364101616e-01 8.039200934908197205e-01 1.262652626047838567e+00
1.095050949644050364e+00 6.719109799156938179e-01 1.133674396852888178e+00
8.286251712781177448e-01 1.038652156360024170e+00 9.657017057925718628e-01
5.547746939975215508e-01 1.072549235705845705e+00 7.184197927155535623e-01
7.795415996323572516e-01 5.348233831996462850e-01 6.421862652526343362e-01
9.756361470539125502e-01 8.126447765895468134e-01 5.886512086729642768e-01
1.020585545353660084e+00 7.965917923865251105e-01 4.975515847991110463e-01
7.690037497746688988e-01 8.558175987710184840e-01 6.067280593585071546e-01
8.384356375328634314e-01 8.175205321510424783e-01 9.989674028936000871e-01
5.552651577580441922e-01 8.605927274886924216e-01 7.231208617824985696e-01
8.260894009970173313e-01 5.428006096210472586e-01 4.690607177787292081e-01
9.571701591260045605e-01 9.050913750707570982e-01 8.061234881885340764e-01
8.470894584855431786e-01 7.947141539420899958e-01 7.018416503563547071e-01
6.486535799430129812e-01 8.532087717023824069e-01 5.223415940169732208e-01
