8.918158588840267020e-01
9.744002138987301054e-01
1.059907022082771988e+00
6.968300152914596035e-01
1.640413018113965782e+00
1.149526864953262173e+00
1.104927051947737215e+00
1.025551088307895098e+00
1.040731142534209619e+00
1.085208023070170391e+00
1.290166361843611886e+00
1.270605381151953761e+00
8.189747470812822616e-01
8.475682097856022112e-01
9.763686580028004824e-01
9.602603036198774644e-01
9.109125243351933188e-01
6.737682069306775157e-01
8.900458292825444984e-01
1.073779368737905804e+00
1.083864360610921063e+00
9.180066703805246364e-01
8.654401702117383577e-01
9.131398545245227316e-01
8.055738422419789213e-01
7.198408023044521320e-01
9.672330695605487749e-01
9.825811702796948266e-01
7.427195113149097638e-01
8.472017041794785985e-01
7.553972030424984663e-01
8.099419856509084692e-01
