6.775131345537487304e-01
6.567476822196514075e-01
6.979795707963565299e-01
5.418068401889368779e-01
8.636476606097639452e-01
6.240408331236035888e-01
5.748316450167734182e-01
5.948424259686626581e-01
8.951828796086419571e-01
5.298188215251805611e-01
8.666281858829386620e-01
6.368458521283035800e-01
6.305247157347363407e-01
6.624797754234064140e-01
5.077481871922571166e-01
5.826919166241809611e-01
9.173468065765223445e-01
4.993278385618558635e-01
6.905537471164840957e-01
8.602116718708465726e-01
6.756378451794007312e-01
4.378864725758013221e-01
6.185739540282634286e-01
5.061489405899052274e-01
6.079400543533715062e-01
7.233384474807735831e-01
4.622599589504317597e-01
5.870958783880962928e-01
4.775790744473885074e-01
6.543733701645960688e-01
8.575245789520705708e-01
6.873606114865580263e-01
