3.107943028026429744e-01 2.362238410089445573e-01 3.645814197599823725e-01
4.337193797609285029e-01 3.576083508317522974e-01 2.608945808267975619e-01
3.540908359737803823e-01 2.959190008852312648e-01 3.279899130072845836e-01
2.911079188691881314e-01 2.876341911656752903e-01 2.877007283467626353e-01
3.082707427240288234e-01 5.821115128954643669e-01 1.993980094890636101e-01
2.635088950413870812e-01 4.635401159839639962e-01 3.357767391984953220e-01
4.707699742541457955e-01 4.080287918627348298e-01 3.677263952977971040e-01
3.916168049881885160e-01 3.027754716989088379e-01 2.548650561034193629e-01
2.468346262046110795e-01 2.923082987389707399e-01 4.071298386398781166e-01
3.692702153728597003e-01 3.641952851593525109e-01 3.256075014977163895e-01
2.901631350282014576e-01 4.013545798767164663e-01 4.086826603271985214e-01
2.238609709831552441e-01 3.202146689621536146e-01 4.197997076196088306e-01
3.633775451572062165e-01 3.369705937278315577e-01 2.988643983606569243e-01
3.119184159116565325e-01 4.804247602501678927e-01 2.892488590310991481e-01
3.586267350528343223e-01 3.316940308592015163e-01 3.857196348808554776e-01
4.043307837082166789e-01 3.616732943093227126e-01 3.757559346155828761e-01
3.120030705910291080e-01 3.470857139365706723e-01 3.443058398449348467e-01
3.493638996951164422e-01 2.329463594221704015e-01 3.916020345703435379e-01
2.893675071195782600e-01 2.634999773365016007e-01 3.594871178395644962e-01
3.303654345383695290e-01 4.028077164457241621e-01 4.821950718571544892e-01
3.655281958037952528e-01 3.237803669191467448e-01 2.588807222976562405e-01
2.895849237261386433e-01 3.223034295362272039e-01 2.828403962556008677e-01
4.665577107709855120e-01 3.010541338753324747e-01 3.172913390438407144e-01
4.171238824783854438e-01 3.710891500850065361e-01 3.488132221064068061e-01
3.843833366140049779e-01 2.417099339620115694e-01 2.815262925919106429e-01
3.678765752414041024e-01 2.457259772205637183e-01 3.594296485244124484e-01
2.381018088702106239e-01 4.496707932302325683e-01 4.064943827442929480e-01
2.188341857540095636e-01 4.894408610961383799e-01 3.228556322915378529e-01
2.963154122515520572e-01 4.122301636662658586e-01 3.476149507864969013e-01
3.432587842529752908e-01 2.720254462128600115e-01 2.588483578756659576e-01
4.277842337679709228e-01 2.678840248382456379e-01 2.026001203530058692e-01
3.383853781679620476e-01 2.857400245662085059e-01 4.113253445348862281e-01
