1.980425487752693336e-01
1.869357571207182767e-01
2.200759460599798767e-01
1.878677936495427581e-01
1.809068502762223030e-01
1.856419603449298295e-01
2.528188547412474896e-01
1.711997416737310040e-01
2.144264343642222348e-01
1.732351973304945281e-01
2.329421649348075440e-01
1.767208096367959003e-01
2.347821293417242106e-01
1.632546143702581776e-01
1.936064067817289125e-01
2.197063179468891347e-01
2.001654283118687039e-01
1.354177009953989319e-01
1.427218029686641021e-01
1.730173469296846789e-01
1.695486800304001895e-01
1.813891411726476777e-01
1.679102600017104152e-01
2.138443443431291280e-01
1.864204704419055170e-01
2.223238892935182898e-01
1.641904066444250243e-01
1.888321591351199702e-01
1.781391217799114246e-01
2.210881981868650370e-01
2.864165616664000602e-01
2.088666739232162839e-01
