1.234299825094993697e+00
1.232519857140892849e+00
1.232727986904456952e+00
1.232922333288032801e+00
1.233199842783028188e+00
1.233542923465944741e+00
1.234012957495204343e+00
1.234543312030144779e+00
1.235130749062512967e+00
1.235687752885057167e+00
1.235743908318904349e+00
1.242400638811591129e+00
1.238914474983734859e+00
1.229345843404566985e+00
1.229605013426761762e+00
1.259061962001998491e+00
1.305812106103023673e+00
1.308948634876261785e+00
1.304801505931842520e+00
1.520366074287408775e+00
1.694055714973065285e+00
1.810071927599705033e+00
1.975652942573703275e+00
2.187745749213651614e+00
2.314045648297747615e+00
2.330163653962438630e+00
2.440694046076427703e+00
2.520334603140788499e+00
3.093539373637543832e+00
2.650037173710977356e+00
1.985443876070124292e+00
1.641426078991163218e+00
1.419064559953575611e+00
1.295922556599439668e+00
1.201991633628957112e+00
1.107137006982888972e+00
