1.371582818107643043e+00
1.369483715685096081e+00
1.357699562974825636e+00
1.396510869914946662e+00
1.509144369594149548e+00
1.761404416527017958e+00
1.851921443823076441e+00
1.953951925982968740e+00
2.029378691353127984e+00
2.184922567612290312e+00
5.541689020668377985e+00
5.365513726497757041e+00
4.756997304674337457e+00
3.598169769022646847e+00
3.149721122783970095e+00
2.237960714384471306e+00
2.218253615079349483e+00
1.636927586261816892e+00
1.433885626467195973e+00
1.004690514855454797e+00
9.628540553719869832e-01
9.381236413555149589e-01
9.328209682120687241e-01
9.293605615615255777e-01
9.272518146194512756e-01
9.201084062606437186e-01
9.159239000697092514e-01
