1.372725877374539216e+00
1.372725877374539216e+00
1.372725877374539216e+00
1.372725877374539216e+00
1.372725877374539216e+00
1.372725877374539216e+00
1.372725877374539216e+00
1.372725877374539216e+00
1.372725877374539216e+00
1.372725877374539216e+00
1.372725877374539216e+00
1.372725877374539216e+00
1.372725877374539216e+00
1.372725877374539216e+00
1.372725877374539216e+00
1.372725877374539216e+00
1.372725877374539216e+00
1.372725877374539216e+00
1.372725877374539216e+00
1.372725877374539216e+00
1.372725877374539216e+00
1.372725877374539216e+00
1.372725877374539216e+00
1.372725877374539216e+00
1.372725877374539216e+00
1.372725877374539216e+00
1.372725877374539216e+00
1.372725877374539216e+00
1.372725877374539216e+00
1.372725877374539216e+00
1.372725877374539216e+00
1.372725877374539216e+00
1.372725877374539216e+00
1.372725877374539216e+00
1.372725877374539216e+00
1.372725877374539216e+00
