1.117900738352591850e+00
1.263342320550031150e+00
1.162449817760094817e+00
1.252231815702973483e+00
1.411313064982880894e+00
1.185285234487285733e+00
1.176151613860359380e+00
1.197193799999272779e+00
1.289940654028367550e+00
1.328858593399352417e+00
1.186082991352456428e+00
9.958110070710963768e-01
1.058491236996588869e+00
1.403880193820581601e+00
1.266210093004715764e+00
1.057338404316991998e+00
1.144546106139889163e+00
9.485655876050763657e-01
1.240315294665360391e+00
1.238731279054049006e+00
1.234345890857920791e+00
1.099956929294394037e+00
1.361897417633042062e+00
1.257861709405064810e+00
1.352047757640928660e+00
1.356865077044595802e+00
1.153098271479288783e+00
1.093397516268183711e+00
1.112951067259928317e+00
1.278070173996711079e+00
1.065123235965160564e+00
1.173477382131393298e+00
