1.426593740791785692e+00
1.461228512509704869e+00
1.644171629107860300e+00
1.941415389827303217e+00
1.896975645073356143e+00
1.248887877346024355e+00
1.564808154747503455e+00
1.408504597210547882e+00
1.343096174537002030e+00
1.468114503290476325e+00
1.216439628188714428e+00
1.455526838967557302e+00
1.186066551817292369e+00
1.320009958397105665e+00
1.549728800803241713e+00
1.384597558237199655e+00
1.917797139894296121e+00
1.210932364301807507e+00
1.251165921862768204e+00
1.304432744051000626e+00
1.209974344966405546e+00
1.337679296236146564e+00
1.223612846670480092e+00
1.222951676826811607e+00
1.538248153302191223e+00
1.670647911250907836e+00
1.105935892211965088e+00
1.496070374695262828e+00
1.156917515649770412e+00
1.500879387012702182e+00
1.309286209104021825e+00
1.437368579625200482e+00
