2.286565064601410846e+00
2.210276509324633043e+00
2.646284788139463551e+00
2.678349538001518759e+00
3.858643910592907122e+00
2.290729834372220886e+00
2.735595307173183333e+00
2.225848884972749797e+00
2.147967362850683237e+00
1.931861781691047719e+00
3.553050190839128319e+00
2.724791426995960997e+00
1.980790550080180124e+00
2.157382077969257850e+00
4.291819501178809837e+00
3.223760151976050814e+00
2.769901755427537804e+00
2.441307376689894948e+00
3.715812654567499873e+00
2.390306260401764860e+00
2.840124654328194609e+00
1.841486248182503838e+00
2.089392008729335615e+00
3.246481738110643001e+00
2.788609730963142130e+00
3.139347348874265808e+00
2.288140838140777067e+00
3.137956441124143403e+00
1.863036504624980161e+00
2.143099634295034139e+00
2.038865462057021016e+00
3.123604021475336889e+00
