2.322052914930687884e+00
2.042029495037562814e+00
1.862355390404673683e+00
2.121613148433330487e+00
2.635806421999805416e+00
1.916417581683933058e+00
4.572457593720323565e+00
3.051544146018242643e+00
2.593670291068609135e+00
2.688141792462714452e+00
2.297866393189171408e+00
2.378667895034124236e+00
2.001889758301392153e+00
1.722360042446073436e+00
2.314152646665509572e+00
2.223663324097709726e+00
2.821001195337221379e+00
2.855935619100729905e+00
2.488185260673873689e+00
2.453272465485398346e+00
3.148967160865804971e+00
2.312824551286102537e+00
2.194839333651295021e+00
1.890650750988333462e+00
1.630495580700536351e+00
3.196848352273824467e+00
1.749626553432690246e+00
3.480283363787761708e+00
3.165604354792571851e+00
3.155910578706015990e+00
2.030649162327378132e+00
3.330924181601824685e+00
