2.053095716272405724e+00
1.656460193297242700e+00
2.379495968901812031e+00
1.432607066599771217e+00
1.885759330580548232e+00
2.048800369558115619e+00
1.691772049871409056e+00
2.340304029562978005e+00
1.907863139970511268e+00
2.167429954625577526e+00
2.011229346876564517e+00
1.512598381338694509e+00
2.091978554288064451e+00
1.963215887803779536e+00
1.526133451383383521e+00
1.856302197293822953e+00
1.985133187249805475e+00
1.502925885469148959e+00
2.024591591706122351e+00
2.131846046316664189e+00
1.570937947734907913e+00
1.398768413917656828e+00
2.196201345049923592e+00
2.009363698911942109e+00
1.988183716876210427e+00
2.448748569825087706e+00
2.141308299676882410e+00
1.662713694389923669e+00
1.902951369171937968e+00
2.052625090877219893e+00
1.795507899733153057e+00
2.264562315739149234e+00
