3.447408701821110810e+00
2.199354597381204091e+00
2.790253403452326086e+00
2.613900737771392091e+00
4.079140316945122358e+00
3.055978372388155506e+00
4.675647437489507396e+00
2.623819617761933731e+00
2.575570073221314260e+00
1.975552935474420568e+00
3.650544637418680516e+00
2.031063639863953885e+00
1.907250162140987193e+00
2.056191705932277625e+00
3.513465409748909085e+00
3.655027331578383887e+00
2.940452551830127437e+00
2.136009821671221776e+00
4.060188869560735547e+00
4.062113103518066204e+00
3.464266855942125467e+00
2.197610009033520218e+00
2.836508220547251380e+00
3.637636720771674437e+00
3.068037825669465146e+00
3.967748455730595314e+00
3.399028835378331337e+00
3.752378742187208793e+00
4.195285178463552533e+00
2.820552032127958242e+00
2.366730261766099019e+00
3.238543391813776928e+00
