1.193653816655212863e+00
1.563210988455384198e+00
1.446218563057846573e+00
1.303445336149388512e+00
1.540803979536769175e+00
1.120741637644892430e+00
1.234715717263084489e+00
1.371162760484697873e+00
1.364497423925072894e+00
1.399221739841321366e+00
1.126372626783592956e+00
1.222971654633358218e+00
1.196155111306127505e+00
1.319837543891771547e+00
1.337926918310797131e+00
1.333378363546533718e+00
1.346900438728905192e+00
1.026413590305648160e+00
1.276165477864883657e+00
1.363522733263601294e+00
1.290883210000053571e+00
1.112352472293319572e+00
1.293003688858229250e+00
1.296318591234804307e+00
1.341333992733526603e+00
1.348092389381808420e+00
1.144974449912142145e+00
1.233003122579253708e+00
1.234231219364344101e+00
1.444971460866334656e+00
1.309601580878057225e+00
1.333439211431308280e+00
