[[[ 0.00000000e+00  0.00000000e+00  0.00000000e+00]
  [ 2.71550000e+00  2.71550000e+00  0.00000000e+00]
  [ 2.71550000e+00  0.00000000e+00  2.71550000e+00]
  ...
  [ 2.71550000e+00  5.43100000e+00  2.71550000e+00]
  [ 2.71550000e+00  2.71550000e+00  5.43100000e+00]
  [ 5.43100000e+00  5.43100000e+00  5.43100000e+00]]

 [[-1.14001260e-02  1.35575034e-02 -1.58014356e-02]
  [ 2.71820897e+00  2.69266352e+00  3.98122116e-02]
  [ 2.70455243e+00  7.04159805e-03  2.70548683e+00]
  ...
  [ 2.73730422e+00  5.42929239e+00  2.72964825e+00]
  [ 2.71358195e+00  2.69463271e+00  5.43887020e+00]
  [ 5.39618847e+00  5.44491567e+00  5.38498632e+00]]

 [[-1.68984305e-02  2.43874891e-02 -1.93079632e-02]
  [ 2.72809828e+00  2.68824632e+00  7.12682556e-02]
  [ 2.69981177e+00  1.53319693e-02  2.69861166e+00]
  ...
  [ 2.75623695e+00  5.43159101e+00  2.74006760e+00]
  [ 2.71054786e+00  2.68270000e+00  5.44011416e+00]
  [ 5.37046884e+00  5.45901885e+00  5.35500945e+00]]

 ...

 [[-1.03057915e-01 -1.00455986e-02 -2.63302913e-02]
  [ 2.70474013e+00  2.72767813e+00 -6.31279568e-02]
  [ 2.66465869e+00 -1.45446431e-01  2.74491441e+00]
  ...
  [ 2.72828059e+00  5.51129189e+00  2.74783607e+00]
  [ 2.66913508e+00  2.65120547e+00  5.43935742e+00]
  [ 5.54978157e+00  5.51611190e+00  5.43454811e+00]]

 [[-8.74861252e-02 -4.51104847e-02 -1.70532124e-02]
  [ 2.75368478e+00  2.70132372e+00 -4.26552487e-02]
  [ 2.64599657e+00 -1.15073333e-01  2.75786079e+00]
  ...
  [ 2.74470385e+00  5.50100960e+00  2.72871904e+00]
  [ 2.66062477e+00  2.70733211e+00  5.39069099e+00]
  [ 5.57641944e+00  5.49534706e+00  5.46413292e+00]]

 [[-5.74929746e-02 -7.46889505e-02 -6.12282948e-03]
  [ 2.79359746e+00  2.67224232e+00 -5.33212398e-03]
  [ 2.64777757e+00 -5.78471604e-02  2.75189605e+00]
  ...
  [ 2.75468149e+00  5.48062966e+00  2.71146173e+00]
  [ 2.66733031e+00  2.76657195e+00  5.35342936e+00]
  [ 5.56201639e+00  5.45080280e+00  5.49019577e+00]]]
