[[[ 0.          0.          0.        ]
  [ 2.7155      2.7155      0.        ]
  [ 2.7155      0.          2.7155    ]
  ...
  [ 2.7155      5.431       2.7155    ]
  [ 2.7155      2.7155      5.431     ]
  [ 5.431       5.431       5.431     ]]

 [[ 0.04594967  0.03237172  0.04126446]
  [ 2.75013882  2.73946735 -0.01555422]
  [ 2.73769259  0.05654751  2.70482601]
  ...
  [ 2.66878458  5.40621893  2.7428034 ]
  [ 2.69545473  2.69616902  5.43240918]
  [ 5.42665156  5.41713657  5.45344442]]

 [[ 0.08353102  0.06239217  0.08170235]
  [ 2.78364718  2.76371111 -0.03210906]
  [ 2.75318472  0.10325617  2.69922854]
  ...
  [ 2.62243591  5.38111678  2.76895627]
  [ 2.67812179  2.67909487  5.43918272]
  [ 5.41880433  5.4019612   5.47082439]]

 ...

 [[ 1.02028743 -1.27381284 -0.27294635]
  [ 3.04461378  5.3482177  -0.27499667]
  [ 1.99920653  2.04215501  2.76102813]
  ...
  [ 1.31172804  4.47302672  2.68609307]
  [ 4.27347534  4.12710068  4.04560859]
  [ 5.56013036  4.00350435  5.9963974 ]]

 [[ 1.00603081 -1.27540087 -0.29930244]
  [ 3.05566319  5.37174895 -0.24039602]
  [ 2.02325516  2.06582017  2.71262939]
  ...
  [ 1.26648186  4.47410196  2.73302242]
  [ 4.27993956  4.12894235  4.07253206]
  [ 5.60978778  4.00281618  5.99051818]]

 [[ 0.97860301 -1.28293302 -0.32355457]
  [ 3.09621553  5.40073464 -0.18799211]
  [ 2.01735126  2.08940158  2.67987245]
  ...
  [ 1.21673564  4.45294032  2.7384368 ]
  [ 4.30934678  4.14080651  4.07376521]
  [ 5.64967008  4.00127275  6.01288372]]]
