[[[ 0.00000000e+00  0.00000000e+00  0.00000000e+00]
  [ 2.71550000e+00  2.71550000e+00  0.00000000e+00]
  [ 2.71550000e+00  0.00000000e+00  2.71550000e+00]
  ...
  [ 2.71550000e+00  5.43100000e+00  2.71550000e+00]
  [ 2.71550000e+00  2.71550000e+00  5.43100000e+00]
  [ 5.43100000e+00  5.43100000e+00  5.43100000e+00]]

 [[ 3.29080939e-02 -2.40733884e-02  1.05035516e-02]
  [ 2.71974868e+00  2.72193610e+00 -1.20053414e-02]
  [ 2.69740969e+00  3.23547234e-02  2.64251138e+00]
  ...
  [ 2.73964465e+00  5.41758455e+00  2.73565486e+00]
  [ 2.70341523e+00  2.73448691e+00  5.47067140e+00]
  [ 5.40506770e+00  5.43892692e+00  5.50033282e+00]]

 [[ 5.56277760e-02 -4.40513068e-02  3.39563271e-03]
  [ 2.72360539e+00  2.73067122e+00 -3.62498401e-02]
  [ 2.68928221e+00  5.87360244e-02  2.60207011e+00]
  ...
  [ 2.75596144e+00  5.40497400e+00  2.75972940e+00]
  [ 2.69373846e+00  2.74145613e+00  5.49156612e+00]
  [ 5.39584371e+00  5.44160835e+00  5.54942426e+00]]

 ...

 [[ 5.18028037e-02 -8.95182432e-02  4.06072430e-02]
  [ 2.70420573e+00  2.75013732e+00 -1.39647938e-02]
  [ 2.81742460e+00  3.07952986e-03  2.78935957e+00]
  ...
  [ 2.67222562e+00  5.43483709e+00  2.72904277e+00]
  [ 2.69321052e+00  2.72027425e+00  5.48959587e+00]
  [ 5.38994328e+00  5.50597797e+00  5.35101760e+00]]

 [[ 2.86296446e-02 -8.39945870e-02  5.46226164e-02]
  [ 2.65079398e+00  2.69586569e+00 -1.04819906e-02]
  [ 2.80572327e+00  4.65465705e-02  2.78624459e+00]
  ...
  [ 2.70866394e+00  5.46065940e+00  2.66640901e+00]
  [ 2.68762481e+00  2.72412524e+00  5.45910689e+00]
  [ 5.42585456e+00  5.49258482e+00  5.37833642e+00]]

 [[ 4.27569569e-03 -6.70792642e-02  6.14139017e-02]
  [ 2.60387800e+00  2.64397209e+00 -5.32682822e-03]
  [ 2.78260459e+00  7.44280190e-02  2.77021952e+00]
  ...
  [ 2.73142693e+00  5.47946623e+00  2.61251319e+00]
  [ 2.68985304e+00  2.73223045e+00  5.43784209e+00]
  [ 5.46282776e+00  5.47522583e+00  5.41432411e+00]]]
