[[[ 0.00000000e+00  0.00000000e+00  0.00000000e+00]
  [ 0.00000000e+00  2.02395000e+00  2.02395000e+00]
  [ 2.02395000e+00  0.00000000e+00  2.02395000e+00]
  ...
  [ 4.04790000e+00  6.07185000e+00  6.07185000e+00]
  [ 6.07185000e+00  4.04790000e+00  6.07185000e+00]
  [ 6.07185000e+00  6.07185000e+00  4.04790000e+00]]

 [[-4.53284748e-02  1.93162511e-02 -1.37750233e-02]
  [-2.06125546e-02  2.04713154e+00  2.01379819e+00]
  [ 2.01422358e+00 -7.96712861e-03  2.04108118e+00]
  ...
  [ 4.00752023e+00  6.08941768e+00  6.12975285e+00]
  [ 6.11291200e+00  4.03087678e+00  6.03330837e+00]
  [ 6.09452385e+00  6.08486657e+00  4.05553139e+00]]

 [[-8.47308692e-02  3.00211389e-02 -2.61506899e-02]
  [-3.46541562e-02  2.06858237e+00  2.00267713e+00]
  [ 2.00460609e+00 -1.33521651e-02  2.05206428e+00]
  ...
  [ 3.96788325e+00  6.10389194e+00  6.18255687e+00]
  [ 6.14448107e+00  4.01723043e+00  5.99821939e+00]
  [ 6.11420663e+00  6.09659830e+00  4.06569990e+00]]

 ...

 [[ 5.44205122e-02  5.19051267e-02 -1.66439435e-01]
  [ 4.57231269e-02  2.16421402e+00  2.13475023e+00]
  [ 1.97745729e+00  5.77035762e-02  1.91014126e+00]
  ...
  [ 4.05093123e+00  6.12393591e+00  6.03082629e+00]
  [ 5.87389355e+00  3.92726511e+00  6.10723524e+00]
  [ 6.04538218e+00  6.13218551e+00  3.96169070e+00]]

 [[ 2.01552283e-02  3.16030548e-02 -1.65067184e-01]
  [ 6.15042526e-02  2.16320279e+00  2.11408002e+00]
  [ 1.94435141e+00  3.74733512e-02  1.93176213e+00]
  ...
  [ 4.06991008e+00  6.12742427e+00  6.09349911e+00]
  [ 5.89295373e+00  3.89669127e+00  6.13726715e+00]
  [ 6.03620814e+00  6.12521861e+00  3.93652859e+00]]

 [[-1.36332542e-02  5.85582530e-03 -1.42272471e-01]
  [ 6.83715215e-02  2.15104989e+00  2.08008427e+00]
  [ 1.90425209e+00  2.39847526e-02  1.96448587e+00]
  ...
  [ 4.07814040e+00  6.11690029e+00  6.14871290e+00]
  [ 5.93459031e+00  3.88658869e+00  6.17046258e+00]
  [ 6.02820880e+00  6.11861146e+00  3.92695507e+00]]]
