# representation: sine, regressor: KRR
-6.032913144125273451e+06
-5.448207852809457108e+06
-4.834051822289083153e+06
-4.197062761887187138e+06
-3.544742424207938369e+06
-2.882915942659879103e+06
-2.218327805136167910e+06
-1.567567816361926729e+06
-9.335209613209494855e+05
-3.251689551254012622e+05
2.495382127432585694e+05
7.789789845899597276e+05
1.263231367868808098e+06
1.690070995072691236e+06
2.053751659999959869e+06
2.352273637732430827e+06
2.585086625968072563e+06
2.737734852401345968e+06
2.813539163289358839e+06
2.801759381265375763e+06
2.703344812143762596e+06
2.520662538484757300e+06
2.245800848855911288e+06
1.887813885183518985e+06
1.446057714739888906e+06
9.322660627579079010e+05
3.603031677840098855e+05
-2.539124419895386673e+05
-8.838216917131959926e+05
-1.503335800380219240e+06
-2.084069797009335365e+06
-2.592093462153850589e+06
-3.007866662151564378e+06
-3.323579660141847096e+06
-3.527786256479561795e+06
-3.634746290170390159e+06
-3.654810493955208454e+06
-3.604054672195520718e+06
-3.505419289920559619e+06
-3.375798163328432478e+06
-3.239407064602116123e+06
-3.091428327073676512e+06
-2.954816618925104383e+06
-2.834156783724407665e+06
-2.732384698092217557e+06
-2.653248768935754430e+06
-2.603804649051166140e+06
-2.579326259714007843e+06
-2.583214761996926740e+06
-2.613411069684388582e+06
-2.674698091113648377e+06
-2.763458748120193835e+06
-2.881519795298363548e+06
-3.021544063779366203e+06
-3.191325988538721111e+06
-3.385195462746778503e+06
-3.602805513751657680e+06
-3.840081409067964181e+06
-4.091185085462091956e+06
-4.358093949142025784e+06
-4.628936755408550613e+06
-4.893492879218007438e+06
-5.143221414871451445e+06
-5.365095211035662331e+06
-5.532082726649043150e+06
-5.617738420835806988e+06
-5.585581377322860062e+06
-5.397538207785178907e+06
-5.003163664439705200e+06
-4.359614944353547879e+06
-3.430562810617188923e+06
-2.207236518779919017e+06
-7.030374642083531944e+05
1.013339589053473785e+06
2.834794417292705737e+06
4.636039073766756803e+06
6.277136767895184457e+06
7.646421949055220000e+06
8.647513656913159415e+06
9.231207966376833618e+06
9.382057172920633107e+06
9.116570015490515158e+06
8.463358478302646428e+06
7.475479729305207729e+06
6.201508135641914792e+06
4.723051643816687167e+06
3.095238246449418832e+06
1.395877873322704108e+06
-3.105339627113487804e+05
-1.954839537340555573e+06
-3.482126644797368906e+06
-4.836774831243706867e+06
-5.980621775169725530e+06
-6.878255016925454140e+06
-7.520056897232432850e+06
-7.896198191964639351e+06
-8.019147768615712412e+06
-7.904133284398358315e+06
-7.577130468229264021e+06
-7.078458776980511844e+06
-6.437602915677824989e+06
-5.690049262311488390e+06
-4.868161244093695655e+06
-4.009862166926312260e+06
-3.139245712081629317e+06
-2.281442512898743153e+06
-1.455610205855106236e+06
-6.816421767118218122e+05
2.884907830970908981e+04
6.662653962841052562e+05
1.224925721956697060e+06
1.694478136251353892e+06
2.078030689307163702e+06
2.370937398561738431e+06
2.573872228565709665e+06
2.688471464778514113e+06
2.715723413343791384e+06
2.663157877764231060e+06
2.533668325781661086e+06
2.330939277093902696e+06
2.065758897047151346e+06
1.739671450426136376e+06
1.370524611908217659e+06
9.594818111948609585e+05
5.188490999960114714e+05
6.384481480265635037e+04
-4.000449492578657228e+05
-8.496678368175246287e+05
-1.282748689671007916e+06
-1.678400923482838087e+06
-2.023184261315195588e+06
-2.298505759684608318e+06
-2.491232513823505025e+06
-2.578930693457649555e+06
-2.552322379464703146e+06
-2.390561345058281440e+06
-2.079479319235545583e+06
-1.610724076219510986e+06
-9.718960354508913588e+05
-1.633787319403574220e+05
8.014671005965083605e+05
1.908263455904813251e+06
3.122347472694206517e+06
4.403011073242711835e+06
5.684905137370363809e+06
6.913654218234471045e+06
8.017222973789487034e+06
8.942218184442700818e+06
9.637471624022468925e+06
1.007184356742867082e+07
1.022507349312705360e+07
1.010422828979303874e+07
9.725020180633280426e+06
9.123587416090413928e+06
8.342782389672497287e+06
7.428229062902163714e+06
6.432845311428747140e+06
5.410856093324964866e+06
4.404728242149030790e+06
3.456086237311074976e+06
2.598369962486199569e+06
1.860493756610947195e+06
1.256020735900531523e+06
8.046842531267431332e+05
5.019612044607670396e+05
3.585761653739588219e+05
3.701071719075519359e+05
5.239651166665221681e+05
8.109115283641192364e+05
1.220477263869994320e+06
1.739945249831969850e+06
2.358117897940047551e+06
3.052491686675692443e+06
3.811040659705153201e+06
4.619178838968706317e+06
5.463649890192821622e+06
6.325044946572857909e+06
7.192916412836589850e+06
8.046118229873279110e+06
8.875996572857027873e+06
9.663917207317328081e+06
1.038914770764897577e+07
1.104109493216194585e+07
1.159096250297169574e+07
1.203164190416269563e+07
1.232738714441130124e+07
1.246722250327765755e+07
1.242700831286109425e+07
1.218136729054921679e+07
1.171171208494567499e+07
1.101106779679639265e+07
1.007658208302264474e+07
8.921726923056187108e+06
7.587077954187436961e+06
6.139083616133698262e+06
4.665551450549952686e+06
3.275280029555267189e+06
2.071828324125085957e+06
1.126513228052250575e+06
4.633115812176699401e+05
6.822996490210293268e+04
-1.203425233125851664e+05
-1.731652221942868491e+05
-1.635402292577746266e+05
-1.488875184352234355e+05
-1.670504415150249260e+05
-2.364949375413728412e+05
-3.677297042391126161e+05
-5.502631117081445409e+05
-7.678109661547610303e+05
-1.013734969642393407e+06
-1.260783340547826840e+06
-1.495735125411618734e+06
-1.704852539640241768e+06
-1.880503911553561455e+06
-2.018319316104470054e+06
-2.107135007043542806e+06
-2.156742371813015081e+06
-2.173007774738214910e+06
-2.152597341220898088e+06
-2.104921507565893698e+06
-2.037850813580677146e+06
-1.964433377070559422e+06
-1.881983528221368091e+06
-1.804204075180446496e+06
-1.729604118242797442e+06
-1.669976127702682512e+06
-1.621715477855747566e+06
-1.586410872168760747e+06
-1.567721922793263337e+06
-1.563164562371033942e+06
-1.575511770478477934e+06
-1.597038045982167358e+06
-1.631612563016313827e+06
-1.672926880768357078e+06
-1.723818991105946247e+06
-1.776951273669220274e+06
-1.831890453907365678e+06
-1.885768752334479708e+06
-1.937009785489592934e+06
-1.988211011053772178e+06
-2.024575208547864342e+06
-2.055536574573953869e+06
-2.076886852132394910e+06
-2.084316097647720948e+06
-2.075183256639013765e+06
-2.050777057136828313e+06
-2.009978324450771324e+06
-1.946965509892056230e+06
-1.861424515834149672e+06
-1.753208885330239078e+06
-1.606370624263786245e+06
-1.432034060291307978e+06
-1.211042338479278143e+06
-9.351927243095958838e+05
-6.005165207779894117e+05
-1.890494188578539761e+05
3.067539121717321686e+05
8.989006849821043434e+05
1.600329119649522007e+06
2.400646551406710874e+06
3.289417233194758650e+06
4.233967936311802827e+06
5.179745278549111448e+06
6.063877236373501830e+06
6.831545319151103497e+06
7.408456558773104101e+06
7.755586114903012291e+06
7.846579223508065566e+06
7.664037289109715261e+06
7.227179640298259445e+06
6.547343659601671621e+06
5.663185648201643489e+06
4.608051152806402184e+06
3.426444343795399647e+06
2.171232119288668036e+06
8.780856185715098400e+05
-3.953375821312565240e+05
-1.609041781304354779e+06
-2.715590992711142171e+06
-3.690201701401718426e+06
-4.489352134857771918e+06
-5.095570472723604180e+06
-5.489496702737240121e+06
-5.667197395767704584e+06
-5.623523261307751760e+06
-5.364065443207503296e+06
-4.903622705214294605e+06
-4.263944924177521840e+06
-3.459480420415857341e+06
-2.527149372948247008e+06
-1.495111493219070835e+06
-3.901414827640269650e+05
7.580920762697876198e+05
1.915137888482453767e+06
3.054240770576217677e+06
4.148838737281664275e+06
5.177548068905202672e+06
6.110822599031466991e+06
6.931751385560180992e+06
7.625864246341895312e+06
8.170135413372277282e+06
8.560283157431676984e+06
8.784142530997540802e+06
8.821885956961119547e+06
8.685669911590104923e+06
8.363690501426180825e+06
7.858783630188722163e+06
7.173646711886937730e+06
6.324978433806938119e+06
5.322870874396995641e+06
4.191841054002853110e+06
2.957366854115895927e+06
1.664691867261964828e+06
3.535745757894612616e+05
-9.270659851681734435e+05
-2.119627004070570692e+06
-3.164422581206682138e+06
-4.006066485598819330e+06
-4.598304465471323580e+06
-4.899775087149006315e+06
-4.893056186293344013e+06
-4.568244286130996421e+06
-3.953652605036129244e+06
-3.076128333385152277e+06
-1.995525823804768501e+06
-7.685506392940671649e+05
5.351505535823069513e+05
1.838128909933515592e+06
3.081377317015581764e+06
4.198661785783886909e+06
5.150813185725275427e+06
5.882949242050248198e+06
6.375254828547670506e+06
6.612127039907366037e+06
6.587694129266385920e+06
6.312726214342218824e+06
5.812792772164830938e+06
5.108169532408038154e+06
4.239774382155113854e+06
3.246589199790067971e+06
2.173475918185899034e+06
1.055823091940210899e+06
-6.137613782986589649e+04
-1.140621385886932258e+06
-2.149512756577961612e+06
-3.066637898020393681e+06
-3.873872943495288957e+06
-4.553182972582698800e+06
-5.096425310213903897e+06
-5.504309874850126915e+06
-5.776960650165826082e+06
-5.912587919950539246e+06
-5.924547842463823035e+06
-5.814988476873536594e+06
-5.594205605992161669e+06
-5.269430023267365992e+06
-4.855711099819677882e+06
-4.359681538476177491e+06
-3.792900401439690497e+06
-3.162436151876276359e+06
-2.486908603849343024e+06
-1.768694863243323751e+06
-1.021826422683273559e+06
-2.538867651481055073e+05
5.206397614948671544e+05
1.290491721174056176e+06
2.044878282516069477e+06
2.763327734546192922e+06
3.440619051303733140e+06
4.053955169560959097e+06
4.584068460499320179e+06
5.007371986911659129e+06
5.305406062044223770e+06
5.447299115187992342e+06
5.407494699669034220e+06
5.159390803421734832e+06
4.687170232649377547e+06
3.983347055623363238e+06
3.059370728719162755e+06
1.966325697931265691e+06
7.760970767218965339e+05
-4.172401829707032302e+05
-1.511780553426239174e+06
-2.431193119237621315e+06
-3.134762140045326203e+06
-3.625519178703622892e+06
-3.933813445441928227e+06
-4.098045074448792264e+06
-4.168253842027012259e+06
-4.175798104571377859e+06
-4.157813415023382287e+06
-4.140017724422277883e+06
-4.127667117641145829e+06
-4.131073974772643764e+06
-4.157927884094178211e+06
-4.204099587449810468e+06
-4.278772200403437018e+06
-4.362011188698781654e+06
-4.464923665674236603e+06
-4.570625262167993002e+06
-4.674812843754325993e+06
-4.769591918450476602e+06
-4.851217199052779935e+06
-4.913237872021764517e+06
-4.956420082686637528e+06
-4.969427651794410311e+06
-4.958959570743982680e+06
-4.924651738469167612e+06
-4.866330618027066812e+06
-4.794798907721629366e+06
-4.709892729292259552e+06
-4.622645192199137993e+06
-4.544363173526201397e+06
-4.474901933944688179e+06
-4.421736422407011501e+06
-4.385205009217169136e+06
-4.370849753912480548e+06
-4.378913117439467460e+06
-4.404777767223753966e+06
-4.455558856258288957e+06
-4.518385286600996740e+06
-4.600139339432935230e+06
-4.694181893010017462e+06
-4.792964162788466550e+06
-4.893047931530261412e+06
-4.999533798623849638e+06
-5.098775992418508045e+06
-5.188088370128637180e+06
-5.263526771272396669e+06
-5.319547834865909070e+06
-5.352633394301044755e+06
-5.345645732980578206e+06
-5.295021738114393316e+06
-5.190750175198748708e+06
-5.024160865890478715e+06
-4.775540814167303033e+06
-4.440834575999340974e+06
-4.006147145451098680e+06
-3.460577764868434984e+06
-2.801468025420137215e+06
-2.028068688761721831e+06
-1.150828656823534053e+06
-2.031432516565107217e+05
7.938680856087240390e+05
1.785432784581728047e+06
2.733099378150787670e+06
3.593612970338148531e+06
4.335004383227284066e+06
4.932840639987565577e+06
5.376232252595054917e+06
5.667084406023429707e+06
5.805598683226410300e+06
5.807028560487437993e+06
5.674067554787174799e+06
5.430848901068981737e+06
5.083511184405375272e+06
4.642241705253324471e+06
4.124663116013848688e+06
3.539565853030958679e+06
2.893525655550048687e+06
2.196839816413331311e+06
1.458305514669669559e+06
6.888397624632674269e+05
-1.052354258217439492e+05
-9.158705343704073457e+05
-1.734462801566241775e+06
-2.553800340869079344e+06
-3.362778876433360856e+06
-4.149429331669835374e+06
-4.903646735075886361e+06
-5.611538632468396798e+06
-6.261049418250475079e+06
-6.840953266895748675e+06
-7.327306395109007135e+06
-7.711185393633932807e+06
-7.966856888347356580e+06
-8.094648743368580937e+06
-8.065431850920678116e+06
-7.877597643838075921e+06
-7.520618992479924113e+06
-7.002035872252374887e+06
-6.318517291105629876e+06
-5.492626020378758200e+06
-4.550781275459075347e+06
-3.523588971128720790e+06
-2.450963388379959855e+06
-1.375146861749531701e+06
-3.433222077783958521e+05
5.936188113291306654e+05
1.398575279854966560e+06
2.041157660358051071e+06
2.483047641855922528e+06
2.710345416720535606e+06
2.724954502820344176e+06
2.535983867338837124e+06
2.151523061366291251e+06
1.623368980098770233e+06
9.836426004401112441e+05
2.948400211324082920e+05
-3.831940387711089570e+05
-9.902545897139023291e+05
-1.458401081723197363e+06
-1.737209363145767245e+06
-1.794008814396874746e+06
-1.611371927089218516e+06
-1.193132035165263573e+06
-5.689613317615563283e+05
2.197627782541903725e+05
1.120494147825697670e+06
2.073141183962234063e+06
3.020119762737190351e+06
3.904800042002328206e+06
4.689896267761788331e+06
5.341545972539111972e+06
5.837789068317266181e+06
6.160496759858842939e+06
6.301034556476619095e+06
6.261948121603123844e+06
6.035812616291857325e+06
5.644720210224932060e+06
5.086212990955873393e+06
4.378264176127248444e+06
3.536028875169465784e+06
2.570645812909999862e+06
1.500999512848697370e+06
3.540045916556942975e+05
-8.541116711237771669e+05
-2.094629402333614184e+06
-3.338793760662932880e+06
-4.561923916723599657e+06
-5.722515757283734158e+06
-6.793608724632490426e+06
-7.728376784606092609e+06
-8.496709351472022012e+06
-9.059453610194854438e+06
-9.374804134258389473e+06
-9.420174989151343703e+06
-9.159329088376877829e+06
-8.589622856063432992e+06
-7.698796536002022214e+06
-6.498985126502964646e+06
-5.013593551978186704e+06
-3.281068231778743211e+06
-1.354433986324407859e+06
7.025243636363331461e+05
2.814808804934664629e+06
4.902517921984503046e+06
6.879067652400553226e+06
8.669770294061614200e+06
1.019599420302359574e+07
1.139517267290402763e+07
1.222115408544993028e+07
1.263494714464395866e+07
1.263375636814853922e+07
1.221865765450898372e+07
1.142552002994986624e+07
1.030533356286080182e+07
8.924468575029479340e+06
7.358486863423659466e+06
5.690449157741094008e+06
3.996337176655464806e+06
2.348188604272386990e+06
7.990796066297739744e+05
-6.031640803022964392e+05
-1.836212430798613699e+06
-2.885751004024802707e+06
-3.744837714464003686e+06
-4.420235710782157257e+06
-4.921793772844113410e+06
-5.262877948830462061e+06
-5.460383939547710121e+06
-5.527964924012834206e+06
-5.486659947195499204e+06
-5.343309256224028766e+06
-5.124072360983781517e+06
-4.835448296303073876e+06
-4.489101289140302688e+06
-4.102003997490826063e+06
-3.679370467362209689e+06
-3.231972475018884055e+06
-2.769998347928382456e+06
-2.304447075766468421e+06
-1.836414140772774583e+06
-1.375277678503676783e+06
-9.332031320262068184e+05
-5.110248743407933507e+05
-1.208919642504105286e+05
2.322226442833121982e+05
5.452625298048334662e+05
8.048422213132998440e+05
1.006827688149265829e+06
1.147562403103827266e+06
1.222360531895972788e+06
1.223716090009014122e+06
1.161902659224935574e+06
1.027057489458589582e+06
8.387419729285144713e+05
6.032256013742224313e+05
3.440922923170230351e+05
7.850212857411876030e+04
-1.583880052152974240e+05
-3.494207034480352304e+05
-4.757838500474758330e+05
-5.148281518227763008e+05
-4.755304951033697580e+05
-3.635452963321123971e+05
-1.930555364852662897e+05
8.798550887700748717e+03
2.123717030940536060e+05
3.971989351294947555e+05
5.350410283011684660e+05
6.085351130835711956e+05
5.944053286497296067e+05
4.958240351379241329e+05
3.003261077812674339e+05
1.380709845082870743e+04
-3.587678281090699602e+05
-8.051367898392684292e+05
-1.309349026694549480e+06
-1.855315285631934879e+06
-2.413217535291024484e+06
-2.961776968883335590e+06
-3.476263857234505471e+06
-3.937695773798331153e+06
-4.316627423985098489e+06
-4.599161229862947948e+06
-4.768563507590814494e+06
-4.815583178215134889e+06
-4.745023640185360797e+06
-4.556690780659017153e+06
-4.258208995927972719e+06
-3.867532148229190148e+06
-3.404973221554392017e+06
-2.872796832705917303e+06
-2.304464356222152244e+06
-1.712951939867188688e+06
-1.112501769514892250e+06
-5.186314335497026332e+05
5.457973345335855993e+04
6.010104305540582864e+05
1.106089224776878022e+06
1.565647076382087544e+06
1.972068922576459823e+06
2.317542324284493923e+06
2.599420293833756354e+06
2.814502493153983261e+06
2.945698717710440047e+06
3.002289838096688967e+06
2.971585549426946789e+06
2.859482330349611584e+06
2.651798233056827448e+06
2.354963336185820866e+06
1.970183849720053375e+06
1.505926215377631364e+06
9.636792999941373710e+05
3.732684357351035578e+05
-2.357201611885472958e+05
-8.182907499614184489e+05
-1.310694740691384533e+06
-1.630919373020072700e+06
-1.697495927413936472e+06
-1.425586414612791501e+06
-7.640468285161545500e+05
2.779762530302131781e+05
1.636032927721066168e+06
3.172297041791323572e+06
4.733570945361094549e+06
6.156871561285366304e+06
7.303880777455070056e+06
8.102461375745941885e+06
8.507997194373937324e+06
8.508068478260522708e+06
8.131221574184632860e+06
7.420626048010112718e+06
6.423103633524729870e+06
5.202218446925931610e+06
3.816328493474381510e+06
2.331525390076015610e+06
7.941117771196190733e+05
-7.300104480878448812e+05
-2.196762368102618493e+06
-3.566236832089969888e+06
-4.801868911486063153e+06
-5.873928158155121841e+06
-6.766346527537350543e+06
-7.465771618077445775e+06
-7.970099633908174932e+06
-8.275436406269522384e+06
-8.395732416455045342e+06
-8.338978773581320420e+06
-8.127976230629037134e+06
-7.775487631451849826e+06
-7.301989084784318693e+06
-6.730314899310683832e+06
-6.081009760804222897e+06
-5.377312984740562737e+06
-4.632570445106308907e+06
-3.868488684671608731e+06
-3.106155189825687092e+06
-2.349765017964992207e+06
-1.622371828153175302e+06
-9.309612091435919283e+05
-2.941307557693548733e+05
2.876273661427180050e+05
7.973633216405094136e+05
1.227908245634026360e+06
1.573424476085900795e+06
1.823291809743566671e+06
1.970873047422000673e+06
2.012127919955746736e+06
1.939947872389750555e+06
1.753902781466317130e+06
1.445785943999839248e+06
1.023927109401074355e+06
4.832441386744570336e+05
-1.568947250644429296e+05
-8.954732075996593339e+05
-1.695456637118941871e+06
-2.531191216632695869e+06
-3.355135913048971444e+06
-4.114438502854956780e+06
-4.744354333121811971e+06
-5.185981923899273388e+06
-5.370491660595236346e+06
-5.255397605525257997e+06
-4.820615959513194859e+06
-4.077986176447162405e+06
-3.067805511737111025e+06
-1.851250165200151736e+06
-5.188749207463485654e+05
8.461370867534212302e+05
2.166020544088959694e+06
3.369227415982957464e+06
4.406279410924499854e+06
5.241013726364748552e+06
5.849448453511685133e+06
6.222302407621276565e+06
6.355783812639521435e+06
6.256528633057165891e+06
5.945114199815505184e+06
5.438311238355141133e+06
4.760281870906129479e+06
3.936763288096204866e+06
3.001979810813162010e+06
1.988812933625518344e+06
9.287175888611893170e+05
-1.374962891475686047e+05
-1.168058230114143807e+06
-2.133146694421461318e+06
-2.994531612941630185e+06
-3.718970356841952074e+06
-4.286088584266768768e+06
-4.668916735639018938e+06
-4.854829407340873033e+06
-4.833280255469290540e+06
-4.611262292132936418e+06
-4.190206832792045549e+06
-3.582516230770890601e+06
-2.809625240129773505e+06
-1.895473618837494636e+06
-8.681675939823674271e+05
2.440055983775915811e+05
1.410778205899648368e+06
2.593995098298748955e+06
3.768455278414470609e+06
4.889397984784875065e+06
5.925130028773730621e+06
6.842510756657911465e+06
7.609416534090857953e+06
8.184932727539511397e+06
8.533630608078015968e+06
8.619847604247599840e+06
8.413280445775892586e+06
7.878830077560953796e+06
6.992682842426194809e+06
5.738734576457336545e+06
4.112264583588650450e+06
2.137705394564965274e+06
-1.310748531504087150e+05
-2.600725908904042561e+06
-5.124099915870987810e+06
-7.510327844244890846e+06
-9.544885115540154278e+06
-1.100040921560158767e+07
-1.172153864079762250e+07
-1.163980443621618487e+07
-1.080032686173265241e+07
-9.334636114457413554e+06
-7.448224191035187803e+06
-5.337935515850274824e+06
-3.194804394860008731e+06
-1.151498165505210869e+06
6.753230595666345907e+05
2.227858541958403308e+06
3.470822534978993237e+06
4.381692126390766352e+06
4.974790429518442601e+06
5.254740687748261727e+06
5.250683233240587637e+06
4.984682176026063971e+06
4.498483064428095706e+06
3.822943921627015807e+06
2.999402378385333810e+06
2.068026215318629518e+06
1.069934160375171807e+06
5.274130064814750222e+04
-9.451513038347279653e+05
-1.881740134800696280e+06
-2.724863015962292440e+06
-3.443644398402001709e+06
-4.010460840341862757e+06
-4.415340139094498940e+06
-4.650696382811388932e+06
-4.718176401288607158e+06
-4.625909760747641325e+06
-4.388165676551237702e+06
-4.025879008063077927e+06
-3.559030666916781571e+06
-3.014531555842583999e+06
-2.416486703061876353e+06
-1.777188220125396736e+06
-1.128722113392466912e+06
-4.878820319567401893e+05
1.353131799436243891e+05
7.190550126602039672e+05
1.255861490554627962e+06
1.726070898217576789e+06
2.130659793821129482e+06
2.450326202143361326e+06
2.675490068859667517e+06
2.803236373628471512e+06
2.816742687566346023e+06
2.711597991205393337e+06
2.479814048580553848e+06
2.115625913023358677e+06
1.612305637978396378e+06
9.611435887977329548e+05
1.724701676628592832e+05
-7.513630577746650670e+05
-1.784861314196252963e+06
-2.887662554820387624e+06
-4.001626176051049959e+06
-5.044719651101083495e+06
-5.892975345141722821e+06
-6.432032307936433703e+06
-6.541174023858025670e+06
-6.139231093861416914e+06
-5.213665805563581176e+06
-3.829344092807331588e+06
-2.104551644155398943e+06
-2.026924124873115506e+05
1.723927073402374750e+06
3.545200128256730735e+06
5.163627724961665459e+06
6.514053274409487844e+06
7.560342796264328994e+06
8.296041261166464537e+06
8.714051017046499997e+06
8.829274016537565738e+06
8.667693330597916618e+06
8.248220437853047624e+06
7.591741880054993555e+06
6.739554942514539696e+06
5.716303357232432812e+06
4.555961567610715516e+06
3.289168952880771831e+06
1.962039230268997373e+06
6.068958212742459727e+05
-7.319827371471581282e+05
-2.013182865540439729e+06
-3.195620696653524414e+06
-4.236452755187083036e+06
-5.093363492802362889e+06
-5.733944343604004942e+06
-6.124478941069385037e+06
-6.242406617581688799e+06
-6.078610455378262326e+06
-5.634206272199627012e+06
-4.920420289944073185e+06
-3.962973523960438557e+06
-2.801249393578428309e+06
-1.476208885454168543e+06
-3.954891373113862937e+04
1.447276623337649740e+06
2.939185818295251578e+06
4.373125057971723378e+06
5.701046266310069710e+06
6.877737012180629186e+06
7.861721986945900135e+06
8.613918344446893781e+06
9.110806326509786770e+06
9.330724456291526556e+06
9.248016686232654378e+06
8.856185713686866686e+06
8.147276672580447979e+06
7.126012094177335501e+06
5.805293275022213347e+06
4.217460818722655065e+06
2.398757861825367901e+06
4.209293257931067492e+05
-1.621348684321240522e+06
-3.622078426880774088e+06
-5.445529586914489046e+06
-6.958990400120874867e+06
-8.040391030425528064e+06
-8.611827805583802983e+06
-8.640282334335632622e+06
-8.166093733986007981e+06
-7.269618988136183470e+06
-6.072495153647103347e+06
-4.693126924343742430e+06
-3.244189472467666026e+06
-1.824538856587073766e+06
-5.048402291230511037e+05
6.650236432590280892e+05
1.655342085622556275e+06
2.445190840114368126e+06
3.039932459584922064e+06
3.438721938806817867e+06
3.645720084236680530e+06
3.684220025347822811e+06
3.561498855560578406e+06
3.294997973768319469e+06
2.909988858098271303e+06
2.424388814688371960e+06
1.854069546581947710e+06
1.222555606870302698e+06
5.486119606268173084e+05
-1.438170742708895123e+05
-8.394810626387776574e+05
-1.510820165538296802e+06
-2.144403251668924466e+06
-2.719261187831270974e+06
-3.216091919196148869e+06
-3.623416127086438239e+06
-3.922568770085094497e+06
-4.108479806795177516e+06
-4.169653884300319478e+06
-4.098531495491846465e+06
-3.899306236812552437e+06
-3.573872009373535402e+06
-3.124641818775884807e+06
-2.569388574423362967e+06
-1.906834857221568469e+06
-1.167038954539465951e+06
-3.564936962003214285e+05
5.010686611293320311e+05
1.377691573687942699e+06
2.251642545272995252e+06
3.102568053432012442e+06
3.900337196129547898e+06
4.615864914517832920e+06
5.223724240807604976e+06
5.701482490531018935e+06
6.007104724833937362e+06
6.124101791135584004e+06
6.026966079093044624e+06
5.697569264156587422e+06
5.118447028905346058e+06
4.286436745940132998e+06
3.220439056016054470e+06
1.954617718794227578e+06
5.530825794826395577e+05
-8.863563896905473666e+05
-2.251285730948191136e+06
-3.401544950250676367e+06
-4.202234587035625242e+06
-4.573863385321294889e+06
-4.488192901693438180e+06
-3.981499006640264764e+06
-3.150997650762361009e+06
-2.109045261006340850e+06
-9.781526415715371259e+05
1.368740704174236744e+05
1.151077116955810227e+06
2.021973341355361277e+06
2.713034175254453439e+06
3.209163344943830278e+06
3.513725698711183388e+06
3.631473957722256426e+06
3.567710242528369185e+06
3.345137613484974019e+06
2.988338047961256467e+06
2.509168018728728872e+06
1.927307230370052159e+06
1.273803861818078673e+06
5.713548786508699413e+05
-1.621077518496293051e+05
-8.981682433608574793e+05
-1.607715353902297327e+06
-2.277159615902161226e+06
-2.877516504424608313e+06
-3.390396339304733556e+06
-3.806545868569660001e+06
-4.098811193562550936e+06
-4.267881219447200187e+06
-4.304322093928315677e+06
-4.214361855345074087e+06
-3.991157428019765764e+06
