# representation: sine, regressor: KRR
-4.839919829455202445e+06
-4.312952437522832304e+06
-3.781702870253852569e+06
-3.250577794784985483e+06
-2.725202022331692278e+06
-2.207163380022317171e+06
-1.705722053969910834e+06
-1.224413494170320686e+06
-7.667003715999179985e+05
-3.371722598697076901e+05
6.208452716565955052e+04
4.252492754759975360e+05
7.521158925336109241e+05
1.039322955920912907e+06
1.284399519241517410e+06
1.487661871156964218e+06
1.648270282512269914e+06
1.761792593012231169e+06
1.832774847870433237e+06
1.856954263724026037e+06
1.836272473476017360e+06
1.772954892148320796e+06
1.665994898678724887e+06
1.523185927351335762e+06
1.342372430927533424e+06
1.135377063074901700e+06
9.048508436112664640e+05
6.609332554550345521e+05
4.134885148678544792e+05
1.710256678879050305e+05
-6.024850328756745876e+04
-2.695931979831940844e+05
-4.593200989082059241e+05
-6.274089994510690449e+05
-7.797905221337721450e+05
-9.222453013387438841e+05
-1.061060745708582690e+06
-1.205408750896690181e+06
-1.359782436440251069e+06
-1.527290810966077261e+06
-1.713226334304447053e+06
-1.918395048347919248e+06
-2.141532203688165639e+06
-2.384648441081411205e+06
-2.647098650510474108e+06
-2.928110386407642160e+06
-3.227929665169836488e+06
-3.543199750360285863e+06
-3.875302635774239898e+06
-4.220719123295360245e+06
-4.584172366169950925e+06
-4.955076295387407765e+06
-5.340655161583634093e+06
-5.733686141923637129e+06
-6.136018085088738240e+06
-6.541849242499710061e+06
-6.950707554744528607e+06
-7.358020178306033835e+06
-7.754387688068913296e+06
-8.140354419207394123e+06
-8.503274128977222368e+06
-8.830020044147249311e+06
-9.105986512176619843e+06
-9.313827442303460091e+06
-9.427814267629837617e+06
-9.411332637731809169e+06
-9.234371240251833573e+06
-8.852332620423667133e+06
-8.217356887957781553e+06
-7.290049675840825774e+06
-6.041867756276649423e+06
-4.469474671517339535e+06
-2.603425113074535504e+06
-5.200002122411283199e+05
1.665438169384797802e+06
3.815423528355676681e+06
5.796846167392374016e+06
7.495338054691612720e+06
8.820639736869631335e+06
9.723767115725152194e+06
1.019209558587375842e+07
1.023964699877008237e+07
9.899084328322825953e+06
9.215796260817531496e+06
8.236983897825198248e+06
7.034498193197957240e+06
5.663112133516158909e+06
4.190366138153963257e+06
2.675186036234958563e+06
1.184148316262028879e+06
-2.404559704586257576e+05
-1.539154845483626937e+06
-2.680601584523556754e+06
-3.631112799531582743e+06
-4.373924045921547338e+06
-4.904392686190073378e+06
-5.226270527220978402e+06
-5.352590447211269289e+06
-5.301096445456916466e+06
-5.103075141406690702e+06
-4.786590379745713435e+06
-4.375894076969401911e+06
-3.904102932480055373e+06
-3.396742523124793544e+06
-2.877247119475274812e+06
-2.365069395301511046e+06
-1.878663722410705406e+06
-1.432214979716954287e+06
-1.038366595268938574e+06
-7.025847146347170928e+05
-4.327647523742373451e+05
-2.328249573161017324e+05
-1.058385486020684039e+05
-5.163061213807800959e+04
-7.001459974780706398e+04
-1.587086510550187959e+05
-3.139629552821404650e+05
-5.345142607002087170e+05
-8.122369684995998396e+05
-1.141853245266948361e+06
-1.515067338543469552e+06
-1.926847580273436382e+06
-2.367239097560108639e+06
-2.821767219146539457e+06
-3.283392615385809913e+06
-3.737311600251034368e+06
-4.171398774480105843e+06
-4.568560278552086093e+06
-4.913977365694748238e+06
-5.191145353173980489e+06
-5.380030839172823355e+06
-5.462548493149403483e+06
-5.419715644821100868e+06
-5.230329317345104180e+06
-4.876181807617533021e+06
-4.340435646445624530e+06
-3.604506247428406496e+06
-2.657688322122155223e+06
-1.495358982430299278e+06
-1.206270297682309028e+05
1.444933886170130223e+06
3.175393381363657769e+06
5.023154505185029469e+06
6.933774131674351171e+06
8.828285994734633714e+06
1.063079264043685235e+07
1.225972530263240822e+07
1.364257864002607018e+07
1.472327385853064246e+07
1.545800582410339452e+07
1.582519932658213936e+07
1.582568607794432528e+07
1.548040514413965121e+07
1.482353471824000217e+07
1.390638507236636989e+07
1.277941195946599543e+07
1.150304340615195036e+07
1.013809670468441956e+07
8.737513557600464672e+06
7.350138975387154147e+06
6.020288137363770045e+06
4.785282404277686961e+06
3.665960493091315031e+06
2.689437857860967517e+06
1.860358855106881820e+06
1.194580001804299653e+06
6.880437008485732367e+05
3.404792014926476986e+05
1.419541097101417545e+05
8.834619811787643994e+04
1.669603896468084422e+05
3.682474723408013233e+05
6.773750405529257841e+05
1.081236034785781987e+06
1.566819350699654315e+06
2.122550945685406215e+06
2.732683601649367251e+06
3.384358238812120166e+06
4.063900195515619125e+06
4.759090699960000813e+06
5.456018501491839066e+06
6.135936113805502653e+06
6.789583272085556760e+06
7.395757761489267461e+06
7.942555474036984146e+06
8.404088978575358167e+06
8.767376168803669512e+06
9.008587040565580130e+06
9.104872563914988190e+06
9.035571808582952246e+06
8.784452941854812205e+06
8.336847188150952570e+06
7.692554052000132389e+06
6.861158681223751046e+06
5.877859094796552323e+06
4.797528167004226707e+06
3.692916030861142557e+06
2.643714964927738067e+06
1.713717359852500260e+06
9.348643851694260957e+05
3.176163502932375995e+05
-1.685840101162737410e+05
-5.624398258544050623e+05
-9.067415909094458912e+05
-1.236457307754593669e+06
-1.575022641082624206e+06
-1.936157966303962981e+06
-2.309336244231364690e+06
-2.692256278855341487e+06
-3.072997389347709715e+06
-3.433695908992169425e+06
-3.756253575381861068e+06
-4.031023392356477212e+06
-4.244550059867493808e+06
-4.395206793065999635e+06
-4.479134755199026316e+06
-4.492834724058342166e+06
-4.445976591565782204e+06
-4.347673821359449066e+06
-4.201824797720194794e+06
-4.018669213881907985e+06
-3.814049456249015871e+06
-3.592518066440435592e+06
-3.366024907023734879e+06
-3.145382892992978450e+06
-2.930914950594009832e+06
-2.735174085117437877e+06
-2.558017879011570010e+06
-2.403127398483247031e+06
-2.272924413394205738e+06
-2.166787788621951826e+06
-2.086476447074518073e+06
-2.029141835180219030e+06
-1.991306356988612330e+06
-1.973485002396319294e+06
-1.973866582649674499e+06
-1.987168147100293543e+06
-2.013063945909253554e+06
-2.045754652305554366e+06
-2.085171538937997539e+06
-2.127890417105736677e+06
-2.166244411024577450e+06
-2.203527275805010460e+06
-2.232018341531069018e+06
-2.251507838185712695e+06
-2.252873564453786705e+06
-2.234415025324695744e+06
-2.193724489747134969e+06
-2.121324657059026416e+06
-2.014525275881209876e+06
-1.865661307866960298e+06
-1.658398664136411855e+06
-1.392772868163704406e+06
-1.049403435289995046e+06
-6.182195285415230319e+05
-8.103811506167819607e+04
5.741452469132784754e+05
1.357347290970518719e+06
2.276904728111342527e+06
3.331665757548760157e+06
4.501152988657030277e+06
5.753429560250800103e+06
7.031209772613393143e+06
8.260107592859386466e+06
9.362928423677908257e+06
1.026887193441721424e+07
1.090842034416180290e+07
1.124518631793620810e+07
1.125766269153506681e+07
1.094437931693140231e+07
1.032880780148523487e+07
9.436973439543975517e+06
8.312888784129952081e+06
6.998423171363081783e+06
5.543734099143979140e+06
4.002124072593826335e+06
2.419799300762017258e+06
8.480171867689307546e+05
-6.620322293180937413e+05
-2.071352268366710981e+06
-3.341217903335148003e+06
-4.435000453469933942e+06
-5.327853719221244566e+06
-6.001568924948702566e+06
-6.445795506167075597e+06
-6.656591517994499765e+06
-6.635401157148730941e+06
-6.395571754917080514e+06
-5.952201798054514453e+06
-5.325726781147112139e+06
-4.544173366315987892e+06
-3.636896585579862352e+06
-2.627684209233790170e+06
-1.552680943271504249e+06
-4.366363764507718734e+05
6.896626225737376371e+05
1.798405974692058284e+06
2.863963530141550582e+06
3.864229524167085532e+06
4.777769010461603291e+06
5.583157351125540212e+06
6.265939073698390275e+06
6.811039909443561919e+06
7.204035841191878542e+06
7.433748879746926017e+06
7.493674031186703593e+06
7.375733322734248824e+06
7.081880133918151259e+06
6.609760188413544558e+06
5.964546482301260345e+06
5.157556363257300109e+06
4.205450114705946296e+06
3.131356496382001322e+06
1.969621462088329252e+06
7.517096255005972926e+05
-4.740074676800316083e+05
-1.656010307342593325e+06
-2.740383935586630367e+06
-3.671734261345506180e+06
-4.401207192681072280e+06
-4.885659998523598537e+06
-5.099450405440987088e+06
-5.024968310525522567e+06
-4.674230212116673589e+06
-4.065805761172718368e+06
-3.242881874786528759e+06
-2.253501952430552337e+06
-1.152036784693580819e+06
-8.741207433276586016e+03
1.128636252932283562e+06
2.195143516444449313e+06
3.151390207623946480e+06
3.948225517104923259e+06
4.559356967372554354e+06
4.964848467362504452e+06
5.152962476912150159e+06
5.127865236301378347e+06
4.899420422152837738e+06
4.485049575468070805e+06
3.914092992186535150e+06
3.215198783251776826e+06
2.422169281170863658e+06
1.570329804904574528e+06
6.955716996279254090e+05
-1.732406412662793300e+05
-1.007093572513538762e+06
-1.781461770856868010e+06
-2.476829406376027502e+06
-3.079474166237892117e+06
-3.580586368036902975e+06
-3.973807158959327266e+06
-4.257091743019207381e+06
-4.430235081410016865e+06
-4.497786138956259005e+06
-4.463441234909672290e+06
-4.332522872806036845e+06
-4.111815816943886224e+06
-3.808940934415481519e+06
-3.431686681360125076e+06
-2.988982254069091287e+06
-2.486781893955384381e+06
-1.938250115039753029e+06
-1.343859470756239258e+06
-7.189646377333834535e+05
-6.969803152707846311e+04
5.950279147090734914e+05
1.266474145004366990e+06
1.932191224020782160e+06
2.580628235400452279e+06
3.201343650405180641e+06
3.777112251433960628e+06
4.292712982613353990e+06
4.729116543659138493e+06
5.063226753321047872e+06
5.274105940969897434e+06
5.332424744183225557e+06
5.210261206513077952e+06
4.885082288338837214e+06
4.340088413736596704e+06
3.568270417172771413e+06
2.598082769298090134e+06
1.470807105453878175e+06
2.615914869462824136e+05
-9.453930247869223822e+05
-2.068215933566126274e+06
-3.048966963155162986e+06
-3.866193364269349258e+06
-4.516074789374780841e+06
-5.014193428308558650e+06
-5.384442419411514886e+06
-5.651176887695356272e+06
-5.835336217586296611e+06
-5.962651143042416312e+06
-6.033654215359942988e+06
-6.064643914327706210e+06
-6.061341472819151357e+06
-6.021512232713932171e+06
-5.957320947824046947e+06
-5.856078170981981792e+06
-5.728457294149739668e+06
-5.564032207006559707e+06
-5.368668729849454947e+06
-5.133669354404919781e+06
-4.871573784713026136e+06
-4.576108433964177966e+06
-4.256967790023993701e+06
-3.919027710550398566e+06
-3.573764274821356870e+06
-3.231582596506861970e+06
-2.904698725431754719e+06
-2.606248058398556430e+06
-2.348506116366734728e+06
-2.140492948334283195e+06
-1.993498975928972242e+06
-1.909877289279456483e+06
-1.891744812741931528e+06
-1.934636692776224110e+06
-2.041596402315599145e+06
-2.202504561175346840e+06
-2.412306855038674083e+06
-2.664954069650507066e+06
-2.950641514951541089e+06
-3.266699950691720005e+06
-3.603545490321300924e+06
-3.955294884381221142e+06
-4.316157666554762051e+06
-4.680572277620725334e+06
-5.040556256955995224e+06
-5.395398886616478674e+06
-5.734540153146264143e+06
-6.053920326467756182e+06
-6.349137492552232929e+06
-6.608933398796357214e+06
-6.825466773818041198e+06
-6.985828334069055505e+06
-7.087360215373021550e+06
-7.109037290954977274e+06
-7.044230996145569719e+06
-6.882155417398011312e+06
-6.606017219762209803e+06
-6.218033248253787868e+06
-5.710375830996659584e+06
-5.093425664600218646e+06
-4.393500514184494503e+06
-3.629094430300584529e+06
-2.842709004719209392e+06
-2.073736219932045322e+06
-1.353736926285320427e+06
-7.182876583721347852e+05
-1.833216273012638267e+05
2.398945360990577901e+05
5.491728912836342352e+05
7.494976833941665245e+05
8.460438564496262698e+05
8.505163673792147310e+05
7.736456920498089166e+05
6.249603778581151273e+05
4.147060939839198254e+05
1.551848308904031001e+05
-1.480001278627543943e+05
-4.851485864018247812e+05
-8.498303418544047745e+05
-1.233317841352910968e+06
-1.628856133118752623e+06
-2.028919180687237997e+06
-2.425055191862768959e+06
-2.813054964639207348e+06
-3.185445703357385006e+06
-3.533106924898082390e+06
-3.847816824980984908e+06
-4.119918276423141826e+06
-4.343600504405433312e+06
-4.505346998518650420e+06
-4.598243841761213727e+06
-4.609931391383134760e+06
-4.533802079500141554e+06
-4.356777753753650002e+06
-4.077827020968853030e+06
-3.688704282798807137e+06
-3.189332604092187714e+06
-2.584431270622384734e+06
-1.884304052398538217e+06
-1.103400917480430566e+06
-2.618476555958790414e+05
6.070905698242879007e+05
1.473078230698213913e+06
2.299341700546987355e+06
3.042422633222194854e+06
3.667697110513355583e+06
4.138846204780044500e+06
4.425689337036161683e+06
4.511461110158882104e+06
4.373449311341344379e+06
4.012862641944500152e+06
3.445739390439460054e+06
2.685548173954752274e+06
1.763393069811954396e+06
7.328472031334760832e+05
-3.599822702105073840e+05
-1.445863614514900371e+06
-2.454975126073089894e+06
-3.325688312658064533e+06
-3.985215945652417373e+06
-4.386097576285282150e+06
-4.489358952061953023e+06
-4.287507134448732249e+06
-3.787534433720911853e+06
-3.022915586929169018e+06
-2.047908282749963459e+06
-9.226881638365366962e+05
2.800768407806729083e+05
1.498789238714964362e+06
2.672426076241023839e+06
3.750825343082243577e+06
4.697518852259288542e+06
5.479771854657718912e+06
6.083825844263156876e+06
6.493293219327333383e+06
6.707025422721088864e+06
6.720396243640838191e+06
6.547972634453446604e+06
6.187021540364178829e+06
5.656084087719138712e+06
4.963941734420480207e+06
4.127894164117540698e+06
3.161923396195331588e+06
2.091395871906696819e+06
9.346788729833320249e+05
-2.808067728491653106e+05
-1.528901054440790089e+06
-2.780292550008872058e+06
-3.996233818159099203e+06
-5.142721983918474987e+06
-6.178161338230156340e+06
-7.063491236904345453e+06
-7.754366544293851592e+06
-8.210407349188147113e+06
-8.395875851184222847e+06
-8.275670402456603013e+06
-7.830718078873272054e+06
-7.047295953318153508e+06
-5.925875475313914940e+06
-4.485284415964479558e+06
-2.753455108830916230e+06
-7.782112294703269145e+05
1.377151132510290248e+06
3.643942113889744505e+06
5.936414856420720927e+06
8.167868151056981646e+06
1.025578347744976170e+07
1.211198112447168119e+07
1.366108966584988311e+07
1.484148194804348052e+07
1.560521619996729307e+07
1.592359928069189563e+07
1.579425614481528848e+07
1.523241560640517622e+07
1.428453311700578965e+07
1.301174260931459069e+07
1.149014573782570288e+07
9.806570356260720640e+06
8.042326903656573035e+06
6.279199934162086807e+06
4.582251460140814073e+06
3.005395293985933065e+06
1.582723608922311570e+06
3.402870338795257267e+05
-7.159359945032278774e+05
-1.583870353708890965e+06
-2.269608243415756151e+06
-2.783767740217401646e+06
-3.143861025345088448e+06
-3.360895071181526408e+06
-3.456429263133307453e+06
-3.442828827599183191e+06
-3.336792007394609042e+06
-3.151658191422174219e+06
-2.902357649626926985e+06
-2.600052144394142553e+06
-2.257841232150064781e+06
-1.882207975613487884e+06
-1.488848687873591203e+06
-1.085546400623939931e+06
-6.789301185372641776e+05
-2.803647339558409294e+05
1.001348676693144225e+05
4.544790016409187810e+05
7.721924033919721842e+05
1.044065904575513909e+06
1.258827986286822939e+06
1.407986126932796091e+06
1.476807769319037907e+06
1.456998598288259469e+06
1.337182799371667905e+06
1.107229423176662531e+06
7.620418296845407458e+05
2.982000696648393059e+05
-2.813847732134549296e+05
-9.698808658455326222e+05
-1.742554804052146617e+06
-2.577055547688609920e+06
-3.434253525499145500e+06
-4.275201131582211703e+06
-5.065980599815615453e+06
-5.759061879704800434e+06
-6.337076984369161539e+06
-6.783674245891765691e+06
-7.092690409857230261e+06
-7.273395578081570566e+06
-7.342229278782512061e+06
-7.315054678588748910e+06
-7.211291560815739445e+06
-7.055718804731345735e+06
-6.865565479507525451e+06
-6.652808834542075172e+06
-6.431831215615436435e+06
-6.207425613842372783e+06
-5.989237386013252661e+06
-5.775657833000282757e+06
-5.566309224265892990e+06
-5.362086125697128475e+06
-5.153574178130028769e+06
-4.943252234895370901e+06
-4.720865164184654132e+06
-4.490391939288661815e+06
-4.246472134494489059e+06
-3.988241533856314607e+06
-3.719345142328303773e+06
-3.442695457462280523e+06
-3.165542382687321864e+06
-2.890216721042143181e+06
-2.621871519860751461e+06
-2.366267679616528098e+06
-2.126635535867738072e+06
-1.902558466500013834e+06
-1.700229030978623778e+06
-1.515325829615118913e+06
-1.349059941824858310e+06
-1.199802943301710999e+06
-1.066701823923994321e+06
-9.469694410569655010e+05
-8.412083712465972640e+05
-7.461500418258839054e+05
-6.617772749311194057e+05
-5.885039759241652209e+05
-5.263588007922990946e+05
-4.688427541459908825e+05
-4.222454508676571422e+05
-3.843846531751452712e+05
-3.526224490955579095e+05
-3.222251389935167390e+05
-2.956092891861459357e+05
-2.609723136878808727e+05
-2.152805583995629277e+05
-1.440756820804041636e+05
-4.010404633391217794e+04
1.224024689781311317e+05
3.671597959959211294e+05
7.273384352614699164e+05
1.231542881963225547e+06
1.924529996303400723e+06
2.830204242989182938e+06
3.960279057346174959e+06
5.295916506579659879e+06
6.772082898510262370e+06
8.292246842783263884e+06
9.729707211685221642e+06
1.096298886360387504e+07
1.189150476529349573e+07
1.244070618660751544e+07
1.258922405085110851e+07
1.233885113875459507e+07
1.171077710109093599e+07
1.075074216635746323e+07
9.519060192514320835e+06
8.067031803092191927e+06
6.457305714697648771e+06
4.749971108822438866e+06
3.004468301642117556e+06
1.263235501856276300e+06
-4.131340306989153614e+05
-1.984295885362284724e+06
-3.417031366663981695e+06
-4.682073267960703000e+06
-5.754027911752888933e+06
-6.621164653112533502e+06
-7.275942928786030039e+06
-7.722374756194817834e+06
-7.958596672205340117e+06
-8.005506329239127226e+06
-7.873609090963560157e+06
-7.587028702219240367e+06
-7.166066775700992905e+06
-6.633459425272302702e+06
-6.012201424457312562e+06
-5.328764386326913722e+06
-4.602585826300508343e+06
-3.857552614506858401e+06
-3.108496525489424821e+06
-2.378635552364876959e+06
-1.680087806785723194e+06
-1.029728138110307045e+06
-4.390410873657542397e+05
7.859057535184084554e+04
5.136962347303829156e+05
8.564567307042453904e+05
1.098450314571002033e+06
1.231223819207333028e+06
1.249921840469660703e+06
1.147203667154620402e+06
9.159177003985920455e+05
5.553810335774346022e+05
6.445618107854057598e+04
-5.585139354212615872e+05
-1.309916578058278421e+06
-2.177518117794774473e+06
-3.149472559018990956e+06
-4.209344393359973095e+06
-5.314853960920452140e+06
-6.429985325296476483e+06
-7.498008344599281438e+06
-8.452473047548873350e+06
-9.217311670330476016e+06
-9.718332765382809564e+06
-9.883195618312703446e+06
-9.662595346274990588e+06
-9.033027780543990433e+06
-8.012294601191152819e+06
-6.653165845133522525e+06
-5.032744643118414097e+06
-3.248166250756271649e+06
-1.403295912716911640e+06
4.084749474861878552e+05
2.106987198007275816e+06
3.635727488929493353e+06
4.947955172560421750e+06
6.015956978368046694e+06
6.823194676600438543e+06
7.365519932652469724e+06
7.651312339494938031e+06
7.696110695798914880e+06
7.513466641874653287e+06
7.129321910197595134e+06
6.570842194510211237e+06
5.865534821684928611e+06
5.049236322469454259e+06
4.153376773502825759e+06
3.218564281937615480e+06
2.279143592912777793e+06
1.369215532635887852e+06
5.292173010024715913e+05
-2.119354374868087762e+05
-8.290845885970899835e+05
-1.297552383718891768e+06
-1.603037330097256228e+06
-1.732659445710350992e+06
-1.687630163545498624e+06
-1.470593289516526973e+06
-1.089018449194772169e+06
-5.609743930126313353e+05
9.323732184962643078e+04
8.534597788505642675e+05
1.691267232072256971e+06
2.582207828167278785e+06
3.498669935704829637e+06
4.407781877023446374e+06
5.283236216528370045e+06
6.092814576967710629e+06
6.809479778828153387e+06
7.404137442719521932e+06
7.843031556203469634e+06
8.097475703760428354e+06
8.138654346014580689e+06
7.937171000368944369e+06
7.464578162901037373e+06
6.703935037949320860e+06
5.639781471149742603e+06
4.270920464711133391e+06
2.613583710342062172e+06
7.136642402163107181e+05
-1.347816390738439281e+06
-3.446776697549822740e+06
-5.422636003605419770e+06
-7.088003229180548340e+06
-8.258012051525633782e+06
-8.798101526272268966e+06
-8.648035156290015206e+06
-7.848810454028841108e+06
-6.513506762832499109e+06
-4.818984990764938295e+06
-2.935731759753047023e+06
-1.027845912071726751e+06
7.856389277753734495e+05
2.408773667307072319e+06
3.787638377139111515e+06
4.888906650086962618e+06
5.697693632302130572e+06
6.215700953149867244e+06
6.457826813525957055e+06
6.436467827443197370e+06
6.175644854793624021e+06
5.707287792547577992e+06
5.056832798984547146e+06
4.259180536069826223e+06
3.346693476698500570e+06
2.356585245629906189e+06
1.323947699042515829e+06
2.838271670950420084e+05
-7.254532321271323599e+05
-1.675886655931814574e+06
-2.540366072230000049e+06
-3.294122968463073485e+06
-3.924005463289431762e+06
-4.418981801086152904e+06
-4.777292428639146499e+06
-5.002325097257893533e+06
-5.101611926456172019e+06
-5.089061095656960271e+06
-4.978105160941430368e+06
-4.788420413251592778e+06
-4.535430605599995703e+06
-4.235817530058812350e+06
-3.905591343696306925e+06
-3.561363880519894417e+06
-3.214493664759890176e+06
-2.877556555529771838e+06
-2.559964471144704614e+06
-2.274639358170484658e+06
-2.024300161506582517e+06
-1.822973370319017675e+06
-1.676271401553067612e+06
-1.587580235361891799e+06
-1.566286344549788861e+06
-1.618646777936315630e+06
-1.747598287297347328e+06
-1.954410344768614275e+06
-2.245536300414360594e+06
-2.616477336138506420e+06
-3.063181475745018572e+06
-3.573420208641400561e+06
-4.124203187485437840e+06
-4.679630959719228558e+06
-5.185229098695795052e+06
-5.578117133261554874e+06
-5.761271961498820223e+06
-5.649360476180070080e+06
-5.161307777166092768e+06
-4.253731000055453740e+06
-2.938974326811213512e+06
-1.289196145288891159e+06
5.799284849393593613e+05
2.530096693309550639e+06
4.430197828560876660e+06
6.176189421345654875e+06
7.694670829104585573e+06
8.937897606510378420e+06
9.884064399435523897e+06
1.053068477540540323e+07
1.088088846492705494e+07
1.095206656962538883e+07
1.076758433182221465e+07
1.034607771538880281e+07
9.712807697272943333e+06
8.898553535132328048e+06
7.929340597650237381e+06
6.832918993948004209e+06
5.644886593444283120e+06
4.394786728582224809e+06
3.119531022060857620e+06
1.853321439507526346e+06
6.356848891241733218e+05
-4.971757910302354139e+05
-1.507078603260578355e+06
-2.357768869909674395e+06
-3.018819725680282339e+06
-3.458676247046987526e+06
-3.659827693217101973e+06
-3.612320276616362389e+06
-3.313806534462301061e+06
-2.777093826843027491e+06
-2.022848844061302021e+06
-1.085189846601608908e+06
1.417180992412565672e+02
1.186166476439258317e+06
2.422284435421506874e+06
3.662844855373853818e+06
4.855993889701121487e+06
5.957945253748268820e+06
6.926512704868308268e+06
7.723552589203211479e+06
8.313671038977801800e+06
8.673316658834332600e+06
8.782025153674624860e+06
8.612460824167031795e+06
8.158909414373033680e+06
7.408858132138338871e+06
6.365804175303032622e+06
5.032667961704149842e+06
3.435920642321425024e+06
1.606391791624496691e+06
-3.941226481339524034e+05
-2.483540379607956856e+06
-4.561357984163866378e+06
-6.502739481821904890e+06
-8.170739120536789298e+06
-9.448955250325022265e+06
-1.024697259750034288e+07
-1.052504233136114292e+07
-1.029959306129087508e+07
-9.636795217371953651e+06
-8.644043880275217816e+06
-7.427917316868604161e+06
-6.097148791383547708e+06
-4.741179872035941109e+06
-3.439578598963600583e+06
-2.237568875957292970e+06
-1.171119326744965976e+06
-2.631013540035399492e+05
4.805726134757943801e+05
1.058314053407148458e+06
1.470515809628077317e+06
1.731147212877599755e+06
1.845005270353068598e+06
1.826956035693340469e+06
1.692976544745488325e+06
1.454415155322728911e+06
1.131849550005378667e+06
7.380152742452680832e+05
2.903220335707697668e+05
-1.935052864835984947e+05
-6.965647415285933530e+05
-1.202381057792779757e+06
-1.697716144062099513e+06
-2.160486926878917497e+06
-2.579958730722951237e+06
-2.940777035543704871e+06
-3.231150184741423931e+06
-3.444391575270552654e+06
-3.567129457858780865e+06
-3.596613850159784779e+06
-3.532434692103936337e+06
-3.371461310373184737e+06
-3.120384349263106473e+06
-2.784051897996516433e+06
-2.370574402301511262e+06
-1.891083374317596899e+06
-1.357237433362691430e+06
-7.859420495979672996e+05
-1.925899758894740953e+05
4.036632795112261083e+05
9.890105723282832187e+05
1.541060575854488648e+06
2.040682594190736068e+06
2.468014590408843011e+06
2.807511330767927691e+06
3.032780453373926692e+06
3.130986492165067699e+06
3.086407473378496245e+06
2.887064699079240207e+06
2.522986016055947170e+06
1.999760610108595109e+06
1.330016355850877473e+06
5.419760414479433093e+05
-3.150469416025644168e+05
-1.162586644818977918e+06
-1.923070418263126863e+06
-2.492678807476116810e+06
-2.782155601949242875e+06
-2.740289933721634559e+06
-2.352997754567763302e+06
-1.662792233285958879e+06
-7.480288774665816454e+05
3.024529615420352202e+05
1.392817995439968770e+06
2.438613687034052331e+06
3.384935805299923290e+06
4.193081485622790176e+06
4.842677448097987100e+06
5.320682215728851035e+06
5.628427418941324577e+06
5.772957281813523732e+06
5.761357943030055612e+06
5.607481800332375802e+06
5.326385199493440799e+06
4.930339142821449786e+06
4.436172225234557875e+06
3.858576477762072347e+06
3.218935593118820339e+06
2.527830705677020364e+06
1.805575331119988346e+06
1.067773644964549690e+06
3.302890575500252307e+05
-3.921184878783998429e+05
-1.081106155871421332e+06
-1.729799724681911059e+06
-2.322348212724649347e+06
-2.852778410905630793e+06
-3.314605773548196536e+06
-3.704531349669489078e+06
-4.020542468813258223e+06
-4.265820857771598734e+06
-4.442213186169698834e+06
-4.556652932629236951e+06
-4.614033308734953403e+06
-4.624827385783127509e+06
-4.589727742973771878e+06
-4.523115541722215712e+06
-4.436423119543171488e+06
-4.326191914305708371e+06
-4.207108884012712166e+06
-4.088268446757982019e+06
-3.970759855655825231e+06
-3.861606808677044231e+06
-3.764986128738963511e+06
-3.687808823298827279e+06
-3.627645985023797955e+06
-3.591000692842139862e+06
-3.570259435133731924e+06
-3.565324253041900694e+06
-3.571659093701623846e+06
-3.573852784710172564e+06
-3.560671841453825124e+06
-3.513306484580820426e+06
-3.405978245999960229e+06
-3.204774619327693246e+06
-2.894120288297945634e+06
-2.442786587566342205e+06
-1.842304588863717858e+06
-1.094495085110442014e+06
-2.185704966952354589e+05
7.440315044005922973e+05
1.742390199795204680e+06
2.718449211880516261e+06
3.618341473953275476e+06
4.407034901724320836e+06
5.045665548726291396e+06
5.520564417644283734e+06
5.821055673146532848e+06
5.956121937815653160e+06
5.926477260063659400e+06
5.746293847828390077e+06
5.432723128264924511e+06
4.998847321916716173e+06
4.463556873506690376e+06
3.842935676085754298e+06
3.153165860376150347e+06
2.413303598848432768e+06
1.636042871848521987e+06
8.423276845386271598e+05
4.357264590217324439e+04
-7.433414479674303439e+05
-1.501345582532008411e+06
-2.214085572181995492e+06
-2.871210536650779657e+06
-3.456181275458792690e+06
-3.952502264129730407e+06
-4.347873559793115593e+06
-4.631045011774169281e+06
-4.789500066448452882e+06
-4.814197767068250105e+06
-4.697637327726984397e+06
-4.432667146429645829e+06
-4.019782811902851332e+06
-3.459095726283024531e+06
-2.753483102370851673e+06
-1.912784780487889424e+06
-9.496973403187511722e+05
1.200401528373793117e+05
1.274067237026986899e+06
2.488477960065601859e+06
3.735335953534650616e+06
4.980889947571462952e+06
6.195137952472451143e+06
7.340749537096653134e+06
8.384700083832251839e+06
9.294890074443666264e+06
1.002877065943831205e+07
1.056365498906587809e+07
1.087247192751051113e+07
1.092933939668589272e+07
1.072112326053290255e+07
1.024151326867575757e+07
9.492627263701397926e+06
8.490178568697497249e+06
7.264113107618356124e+06
5.857353307576963678e+06
4.325543854821980000e+06
2.736725774944040924e+06
1.158750850959878182e+06
-3.333248249237688142e+05
-1.675253639069593977e+06
-2.827512747416611761e+06
-3.752309981163733173e+06
-4.437613002391465940e+06
-4.891844448906933889e+06
-5.132068560331094079e+06
-5.181363678781993687e+06
-5.075292957571431063e+06
-4.844564667613642290e+06
-4.520645416476508602e+06
-4.137948811530366540e+06
-3.723235589362238999e+06
-3.303473319306829479e+06
-2.895486982329258695e+06
-2.522057369931437541e+06
-2.195437425153295510e+06
-1.935720487292478327e+06
-1.744833250599189196e+06
-1.637122144730457803e+06
-1.614193202299477300e+06
-1.681222651667323895e+06
-1.835903303286166629e+06
-2.073923786709898850e+06
-2.389580913936589379e+06
-2.777228037433794700e+06
-3.220454631464739796e+06
-3.700237114053745754e+06
-4.202112740561878309e+06
-4.704498580259410664e+06
-5.179459699728464708e+06
-5.608176974599180743e+06
-5.967018459016461857e+06
-6.235812661704377271e+06
-6.397264703198511153e+06
-6.434156039155743085e+06
-6.346221572767063044e+06
-6.124093372251217254e+06
-5.780278342965058982e+06
-5.319196120191172697e+06
-4.755269008268165402e+06
-4.109772518053964246e+06
-3.406346687397091184e+06
-2.664865658133927733e+06
-1.912763319607742829e+06
-1.174738888996625086e+06
-4.793149773856037646e+05
1.589922430895692960e+05
7.096296942748553120e+05
1.159469236876382725e+06
1.492856112276957836e+06
1.695820220850293990e+06
1.766221830372328870e+06
1.705069676252102712e+06
1.513250937193058198e+06
1.210160463401921326e+06
8.173290944209983572e+05
3.623900356113954331e+05
-1.193095879197694303e+05
-5.909538600099842297e+05
-1.016272190026897122e+06
-1.370638532430392690e+06
-1.636037474679104518e+06
-1.807815969236772973e+06
-1.888966851654463215e+06
-1.895981944057523040e+06
-1.849161997144380584e+06
-1.767727430255905958e+06
-1.673390671926699812e+06
-1.581532662026075646e+06
-1.510103880624257261e+06
-1.461412946148580173e+06
-1.445788821440858301e+06
-1.463814532058661804e+06
-1.518279490379263181e+06
-1.607072781363475136e+06
-1.727797461911923019e+06
-1.877925450470381882e+06
-2.052814707909319084e+06
-2.251550323534815572e+06
-2.469127763245168608e+06
-2.699447119845972396e+06
-2.940629441787100397e+06
-3.188833105167704169e+06
-3.440674814514903817e+06
-3.689292955644789618e+06
-3.933307858856166247e+06
-4.168477904980794992e+06
-4.390253176801150665e+06
-4.595049526180704124e+06
-4.777229121703112498e+06
-4.933475516918659210e+06
-5.057741749073568732e+06
-5.146693780857519247e+06
-5.196003903493349440e+06
-5.196302458762109280e+06
-5.150058343305502087e+06
-5.049028939992796630e+06
-4.888239436777684838e+06
-4.669795934443470091e+06
-4.391414993932273239e+06
-4.055357531745082699e+06
-3.665165577088289429e+06
-3.225188388005467132e+06
-2.748818996658234391e+06
-2.244559387824606616e+06
-1.723073872016671114e+06
-1.204253833438619506e+06
-7.069991339815279935e+05
-2.395167208747230761e+05
1.766613272228265123e+05
5.300698494272277458e+05
8.133340755074130138e+05
1.016192386294978671e+06
1.140364668833249249e+06
1.185243118498642230e+06
1.162395548021887196e+06
1.088478320596051635e+06
9.688492596599914832e+05
8.366178982119691791e+05
7.119079633094521705e+05
6.173603660377406050e+05
5.714772291089957580e+05
5.958864783525911625e+05
6.991961547889664071e+05
8.907912789893065346e+05
1.161320647274666699e+06
1.511477213140643435e+06
1.917631755314519163e+06
2.358153106983812060e+06
2.815656622723710723e+06
3.260922089141680393e+06
3.671346180871088058e+06
4.024184081791529432e+06
4.299617018989708275e+06
4.485343903227251023e+06
4.565996602821675129e+06
4.536347108911162242e+06
4.390892989537128247e+06
4.126854034131168388e+06
3.747693366111065727e+06
3.258433369374725036e+06
2.665922538639134727e+06
1.979261231927871937e+06
1.208380235903359484e+06
3.667554254080060055e+05
-5.296751863423273899e+05
-1.465996486717348685e+06
-2.424833442148847040e+06
-3.387702604369739071e+06
-4.336585379905393347e+06
-5.246861464304677211e+06
-6.101853484768090770e+06
-6.874252587504805997e+06
-7.544480076339057647e+06
-8.089776736322958022e+06
-8.493725201843950897e+06
-8.727637554112331942e+06
-8.778798715851912275e+06
-8.629682178553657606e+06
-8.268336937315151095e+06
-7.687737638723732904e+06
-6.879642722035657614e+06
-5.857785781153340824e+06
-4.632710728162392974e+06
-3.229942345606352668e+06
-1.684418154676936800e+06
-4.083092257606538624e+04
1.648409627832449507e+06
3.327041581704227719e+06
4.931429266019475646e+06
6.409548953547981568e+06
7.711377017226797529e+06
8.796814325146878138e+06
9.634273394347749650e+06
1.020261043461298011e+07
1.049085279423227534e+07
1.050114418253042549e+07
1.024508579899626225e+07
9.732734964173022658e+06
8.992818855526736006e+06
8.051466680311463773e+06
6.948197603385360911e+06
5.721876159875416197e+06
4.410548683891753666e+06
3.059724756180225406e+06
1.712271222402284387e+06
4.168968283152309014e+05
-7.947459664006324019e+05
-1.885944785140087130e+06
-2.831447241348540410e+06
-3.610984747833424248e+06
-4.213756976615087129e+06
-4.631991997898059897e+06
-4.872349235953799449e+06
-4.940685321993772872e+06
-4.848691374178988859e+06
-4.614493195379931480e+06
-4.254794385330244899e+06
-3.793335120379861444e+06
-3.252662659689288121e+06
-2.653091764267766848e+06
-2.017944230879671639e+06
-1.366377447338381317e+06
-7.207732393217887729e+05
-1.001099340751868149e+05
4.778688589646332548e+05
9.966574946081868839e+05
1.440505252820557216e+06
1.794844595873356797e+06
2.049468282169038197e+06
2.191048771434803959e+06
2.212383530068842694e+06
2.108833071041052695e+06
1.876742374579943018e+06
1.517187242556170095e+06
1.038277382869021269e+06
4.541393463193508214e+05
-2.128932129627828836e+05
-9.328238255386925302e+05
-1.663522495369044831e+06
-2.354930660781776533e+06
-2.950570404582867399e+06
-3.389199635174559429e+06
-3.618445849117696285e+06
-3.592678696536569856e+06
-3.292226167709574103e+06
-2.720235205777947325e+06
-1.911126087209260790e+06
-9.123360536286982242e+05
2.080898790824404277e+05
1.380191804015948903e+06
2.534783967092206702e+06
3.612092145809485577e+06
4.573355269198622555e+06
5.375319036707997322e+06
6.011243351297159679e+06
6.462165874082456343e+06
6.734313124906860292e+06
6.835498007022938691e+06
6.773227847851729952e+06
6.565894229761002585e+06
6.227914250754076056e+06
5.776081632871655747e+06
5.233087274973864667e+06
4.615109409478538670e+06
3.940807343588766642e+06
3.229555168758142740e+06
2.494982857063136064e+06
1.758857863435791805e+06
1.035302309367640060e+06
3.369882255294353818e+05
-3.213620981853122939e+05
-9.300289772241262253e+05
-1.479581944410698256e+06
-1.957065885662748711e+06
-2.363617823931613006e+06
-2.691930429938334040e+06
-2.939735803600572981e+06
-3.108489030191884376e+06
-3.196865526492254809e+06
-3.211192055058823898e+06
-3.146789652627461590e+06
-3.019405888084011618e+06
-2.828450608671534341e+06
-2.580673540480180178e+06
-2.284575576218081173e+06
-1.948552951031225035e+06
-1.582446921141171828e+06
-1.194032028300286736e+06
-7.914586214114719769e+05
-3.893267995654997649e+05
4.166278696826449050e+03
3.814119787787690293e+05
7.236385103016502690e+05
1.027927736574787181e+06
1.281712652587673860e+06
1.480098847278741188e+06
1.628241533482477302e+06
1.732391499330489896e+06
1.809180561636708677e+06
1.896430840520967264e+06
2.045322683334727772e+06
2.319417960955001879e+06
2.789278593697111588e+06
3.512477682988334447e+06
4.515040347584336065e+06
5.775220970023347996e+06
7.206771091434966773e+06
8.701112792548187077e+06
1.013106942163633555e+07
1.138158575040690415e+07
1.236330114234973118e+07
1.302983648298407532e+07
1.334836270123278350e+07
1.331821457576642744e+07
1.295358931874449551e+07
1.228556117401357181e+07
1.134394517908945866e+07
1.017210241837907210e+07
8.813849321985656396e+06
7.311983589284747839e+06
5.724504067491801456e+06
4.087721624407687224e+06
2.457783910362767521e+06
8.740720623095007613e+05
-6.170751741960456129e+05
-1.978924417470868677e+06
-3.178421803605652880e+06
-4.185865974182992242e+06
-4.984313122406974435e+06
-5.559702203041013330e+06
-5.903537706268529408e+06
-6.020688815349685028e+06
-5.919547316983077675e+06
-5.615063487054031342e+06
-5.125825573455641977e+06
-4.475410285648730583e+06
-3.688538070764901582e+06
-2.798225733991999179e+06
-1.827895765595269389e+06
-8.088594404644581955e+05
2.314770076895367529e+05
1.268158836141659413e+06
2.273899054625222459e+06
3.225631464693021495e+06
4.101209005466336850e+06
4.879377493104391731e+06
5.542711989449754357e+06
6.069077983225972392e+06
6.444979458606177010e+06
6.655115551122089848e+06
6.681540759038254619e+06
6.516216042942625470e+06
6.145406724026312120e+06
5.566691113781183027e+06
4.774375622562531382e+06
3.773680807241203729e+06
2.582150213310436811e+06
1.226161833199935732e+06
-2.534881124982658366e+05
-1.786691419120650971e+06
-3.290423765003880952e+06
-4.657492286180923693e+06
-5.777137462219536304e+06
-6.530678377497445792e+06
-6.832366529370022006e+06
-6.638870111171236262e+06
-5.949016782515671104e+06
-4.830407503872304223e+06
-3.379933693607271183e+06
-1.713294705589589896e+06
4.630386400351941847e+04
1.783348161475183442e+06
3.415872023046768270e+06
4.871740284274939448e+06
6.095505271820629947e+06
7.055694699656716548e+06
7.735437229616150260e+06
8.118899894735277630e+06
8.212576069698749110e+06
8.024483624205681495e+06
7.565989519751033746e+06
6.868181265841505490e+06
5.951905208384123631e+06
4.858945222976531833e+06
3.634476405342709739e+06
2.322067929657335859e+06
9.810717995218833676e+05
-3.329151995233150665e+05
-1.564173913574178237e+06
-2.660184806582779624e+06
-3.576146996711353306e+06
-4.273468960150458850e+06
-4.731648744087945670e+06
-4.938804024938475341e+06
-4.897869436796285212e+06
-4.620944986753489822e+06
-4.136015109844939783e+06
-3.467921889825592283e+06
-2.652643019286073744e+06
-1.725090245732861338e+06
-7.221125034658487421e+05
3.231398666670754901e+05
1.379658126056752866e+06
2.415690381444916595e+06
3.403888257199141197e+06
4.322791620069783181e+06
5.143794472313609906e+06
5.849417335892951116e+06
6.416243098886940628e+06
6.826651101617581211e+06
7.063591424166310579e+06
7.104218973331082612e+06
6.937557821513184346e+06
6.546136422981539741e+06
5.918955086332718842e+06
5.051804376280208118e+06
3.946461717310140841e+06
2.623519772706942167e+06
1.118234545358695788e+06
-5.002682734974518535e+05
-2.127715574434812181e+06
-3.635516954605332110e+06
-4.865886387278158218e+06
-5.671451379340535030e+06
-5.951646677815667354e+06
-5.678759877381883562e+06
-4.909673469586673193e+06
-3.768056298523874953e+06
-2.406278912939450238e+06
-9.755018570642621489e+05
4.056606917294890154e+05
1.645460109648612561e+06
2.694471284343419597e+06
3.520204032531228848e+06
4.114541556703045499e+06
4.477314562544902787e+06
4.622903459697559476e+06
4.562583154531236738e+06
4.319239446429169737e+06
3.909003589963851497e+06
3.356969598559701350e+06
2.683850676455849316e+06
1.913266203804524615e+06
1.073720599968560738e+06
1.913358741100797779e+05
-7.086209122794258874e+05
-1.598163560076627415e+06
-2.445913716842502356e+06
-3.226003460196550936e+06
-3.912446415207233280e+06
-4.479942235858814791e+06
-4.906003944257050753e+06
-5.180362226102235727e+06
-5.289077992076564580e+06
-5.230324605078131892e+06
-5.009370873879783787e+06
-4.635034672698337585e+06
-4.124292782018372789e+06
-3.496633190590644255e+06
-2.779176091663056053e+06
-1.995985177687699208e+06
-1.173741743475328665e+06
-3.403997101130718947e+05
4.781761702153981896e+05
1.262001854569735704e+06
1.983989007301383652e+06
2.624738298806960229e+06
3.167357035117347725e+06
3.589659351452918258e+06
3.883424606478046626e+06
4.027994729663428385e+06
4.014750305975026451e+06
3.833049905394136440e+06
3.471493052750932518e+06
2.930143721665101126e+06
2.208546312599265482e+06
1.321731410537522985e+06
2.842629438499088283e+05
-8.551257172580808401e+05
-2.032923860003178939e+06
-3.156109823591766879e+06
-4.094574844213931356e+06
-4.686668210898807272e+06
-4.768512350146526471e+06
-4.191938065969507676e+06
-2.869122653153987601e+06
-8.186309562145789387e+05
1.827942599822907476e+06
4.861361817035830580e+06
8.020879272507414222e+06
1.106788918383071944e+07
1.380328581532353535e+07
1.609297197043029405e+07
1.785240564705609158e+07
1.905061011281199381e+07
1.968571437739086896e+07
1.978742492134674266e+07
1.939463897432955354e+07
1.855664125675677508e+07
1.733461712087643519e+07
1.579076472581036948e+07
1.399488391047242656e+07
1.201344005735464953e+07
9.923354884392619133e+06
7.792814822895576246e+06
5.696499951235014945e+06
3.709526552588209510e+06
1.894714759665740188e+06
3.119415616854937398e+05
-9.848195305958155077e+05
-1.961146074137319112e+06
-2.587779561294565443e+06
-2.859538155094899703e+06
-2.779511740539290477e+06
-2.369124454219555017e+06
-1.660686596788932104e+06
-6.922885882931265514e+05
4.864318953666117741e+05
1.822398637762673898e+06
3.269476398601109162e+06
4.777570372357038781e+06
6.297707842784289271e+06
7.788002425158406608e+06
9.207138270211718976e+06
1.051851024483432993e+07
1.169079456011255831e+07
1.269783329590828530e+07
1.350735439354964346e+07
1.409653274887785874e+07
1.444398235971446894e+07
1.452653068387265131e+07
1.432268940087565407e+07
1.381543900027427450e+07
1.299115962153031304e+07
1.184236065722235106e+07
1.037038959714969806e+07
8.589659151583010331e+06
6.538772337094035931e+06
4.283001002988884225e+06
1.915084949703169055e+06
-4.340976068213556428e+05
-2.613597893801282160e+06
-4.469116719446400180e+06
-5.861464128291707486e+06
-6.704924477417755872e+06
-6.972779022494733334e+06
-6.705522223456018604e+06
-5.995217637448537163e+06
-4.962304688720022328e+06
-3.732651570323813707e+06
-2.422438375232529361e+06
-1.127747835186723154e+06
7.249362188764294842e+04
1.130240701247456251e+06
2.004947729810134973e+06
2.677135064104923978e+06
3.139241182572168298e+06
3.384499424940733705e+06
3.422915748976272531e+06
3.261764484854483046e+06
2.921531948230595794e+06
2.415849777034671512e+06
1.771795864911440061e+06
1.011497767123365775e+06
1.611707189759444445e+05
-7.478756807754239999e+05
-1.685121475316245109e+06
-2.615725989310577512e+06
-3.507710161980141886e+06
-4.330646379047079012e+06
-5.052069281920180656e+06
-5.645304844355095178e+06
-6.088113412940678187e+06
-6.361801450058930553e+06
-6.457338137466445565e+06
-6.369933973578084260e+06
-6.105494085692701861e+06
-5.670235533545597456e+06
-5.080206261822615750e+06
-4.357171311803241260e+06
-3.520558502803448588e+06
-2.598775763039672747e+06
-1.617950358987690182e+06
-6.039985440967051545e+05
4.165955415390448179e+05
1.418520455959893065e+06
2.372314905259925872e+06
3.262452653961869888e+06
4.054496894478667062e+06
4.734082995692855678e+06
5.275862077456083149e+06
5.659539399617486633e+06
5.862961969575993717e+06
5.869979513618852012e+06
5.658818008989272639e+06
5.217527122275283560e+06
4.532700757566484623e+06
3.610665891470143106e+06
2.465703006367995869e+06
1.140867787843114696e+06
-2.908895468924336019e+05
-1.713201148079286097e+06
-2.972803677087604068e+06
-3.907677420550496317e+06
-4.362026127754648216e+06
-4.257082425223096274e+06
-3.598364591920486651e+06
-2.489650464101718739e+06
-1.084353071278555784e+06
4.535778594973889412e+05
1.984291938353636535e+06
3.402288126176499762e+06
4.648283903675721027e+06
5.685909191299958155e+06
6.496935987212846056e+06
7.080936493825355545e+06
7.441003160084433854e+06
7.595367973828556947e+06
7.548429938205550425e+06
7.321002910112098791e+06
6.923317938493811525e+06
6.372444612808811478e+06
5.682073772473601624e+06
4.870023153211673722e+06
3.950878960755450651e+06
2.940086362454611342e+06
1.859382288217295893e+06
7.330973309825831093e+05
-4.202696457116546226e+05
-1.575211382474506972e+06
-2.698949665321047883e+06
-3.763329815972694661e+06
-4.740641799913978204e+06
-5.592501132190638222e+06
-6.294842657767632976e+06
-6.818518632870116271e+06
-7.144032787571312860e+06
-7.259797370754809119e+06
-7.165586597834741697e+06
-6.866682357943582349e+06
-6.381961036039500497e+06
-5.737856947460953146e+06
-4.969200971157706343e+06
-4.110607204846428242e+06
-3.206262488333655987e+06
-2.292529666711150669e+06
-1.404209517092815368e+06
-5.813867013730115723e+05
1.476560046426407062e+05
7.558887909373288276e+05
1.223112094746066257e+06
1.529407728207437089e+06
1.664657675091128564e+06
1.620234425554092042e+06
1.393799865161362104e+06
9.880859673501780489e+05
4.142542284289809177e+05
-3.051295642852273886e+05
-1.141799203563789139e+06
-2.057520844313934911e+06
-2.992513883065402973e+06
-3.887796525433659554e+06
-4.668447298394200392e+06
-5.266005988606402650e+06
-5.621572853993737139e+06
-5.697479254035025835e+06
-5.480721001355335116e+06
-4.995333139807921834e+06
-4.287943000350072980e+06
-3.420929611985545140e+06
-2.463205269371049013e+06
-1.485036209210352972e+06
-5.368452984688893193e+05
3.401790561364769819e+05
1.113173790862761205e+06
1.764141065560661256e+06
2.283894811054950114e+06
2.670182015853877645e+06
2.918618711509474553e+06
3.038464614502466749e+06
3.030440683314804453e+06
2.904523176652384456e+06
2.669360313929121476e+06
2.328871028392668813e+06
1.897833517065074760e+06
1.380591388127826154e+06
7.918759237999395700e+05
1.407978247189775575e+05
-5.600461462224693969e+05
-1.293816443012795644e+06
-2.047026742915491108e+06
-2.803417495543418918e+06
-3.538162690681365319e+06
-4.231856684459987096e+06
-4.855275446783109568e+06
-5.384394982906047255e+06
-5.790251805981817655e+06
-6.043056477377829142e+06
-6.111119927734756842e+06
-5.974538633390257135e+06
-5.613812600946129300e+06
-5.014177182825118303e+06
-4.178439672396622598e+06
-3.117660631777668837e+06
-1.862677557942906860e+06
-4.481823055109319394e+05
1.068856806316504255e+06
2.626374514478088357e+06
4.151498758080974221e+06
5.573489200397836976e+06
6.815891220559765585e+06
7.818839881819061004e+06
8.520461238110847771e+06
8.874143543309045956e+06
8.846172336921798065e+06
8.416901539358925074e+06
7.577770303695783019e+06
6.349170713771433569e+06
4.766906994457271881e+06
2.890107356651244219e+06
8.060598083841346670e+05
-1.375437025555130560e+06
-3.536561832694795914e+06
-5.535465724938070402e+06
-7.241289254149239510e+06
-8.546131449238557369e+06
-9.370017428375603631e+06
-9.684485085571285337e+06
-9.499720734069488943e+06
-8.867163325588403270e+06
-7.865965020750842988e+06
-6.587509597950194031e+06
-5.130420084596564993e+06
-3.572805747710664757e+06
-1.993124637590492377e+06
-4.465274914863072918e+05
1.012877581519842963e+06
2.357369170336227398e+06
3.558746033171079587e+06
4.600862849884125404e+06
5.466413154675960541e+06
6.148937207511682063e+06
6.648495407125085592e+06
6.959237032655530609e+06
7.075935012663374655e+06
7.006474357307035476e+06
6.752810131495105103e+06
6.318441055706505664e+06
5.717906832877603360e+06
4.960658626544550061e+06
4.064255959260459989e+06
3.046787923802244011e+06
1.938272721835099161e+06
7.660434727592356503e+05
-4.334405101744111162e+05
-1.626111578955079429e+06
-2.769936727924520615e+06
-3.828575036942139268e+06
-4.765945001623908989e+06
-5.557119090441192500e+06
-6.176396172255051322e+06
-6.607917212338252924e+06
-6.853302130486999638e+06
-6.913012577133992687e+06
-6.793761623872491531e+06
-6.520571081382065080e+06
-6.111232097859386355e+06
-5.591088219260980375e+06
-4.986346669629278593e+06
-4.326541491925365292e+06
-3.639424584339397028e+06
-2.952696882671710104e+06
-2.283920902017059736e+06
-1.666726414408687036e+06
-1.114037457827595295e+06
-6.458611529489490204e+05
-2.784851899393134518e+05
-1.795510029536360526e+04
1.237956634868979745e+05
1.483256838936955319e+05
6.323486313564909506e+04
-1.230191899882425932e+05
-3.920888637938111788e+05
-7.222325566053577932e+05
-1.092280862095849123e+06
-1.482974385401012609e+06
-1.868708912021297263e+06
-2.240985919107219204e+06
-2.583590003868837375e+06
-2.896419898904865142e+06
-3.173182157520999666e+06
-3.418919293299247045e+06
-3.634672897224974819e+06
-3.824830903070351575e+06
-3.990633464066077489e+06
-4.135120644361099228e+06
-4.261729004825358279e+06
-4.374488769046262838e+06
-4.473403223803393543e+06
-4.557543217661718838e+06
-4.632642863271185197e+06
-4.694188521017285995e+06
-4.745831872640633024e+06
-4.786821720943004824e+06
-4.815308128485241905e+06
-4.830508814117871225e+06
-4.835951123019068502e+06
-4.827116096304070204e+06
-4.803742673320180736e+06
-4.765850881715507247e+06
-4.713606608124773018e+06
-4.643991014283735305e+06
-4.558006765556520782e+06
-4.453013065301854163e+06
-4.331879717429027893e+06
-4.192587887203450780e+06
-4.035859848068412859e+06
-3.862965177808862180e+06
-3.674543487839749083e+06
-3.473166699137586169e+06
-3.261030200355621055e+06
-3.045490303995447233e+06
-2.827321139564018697e+06
-2.614766997592128813e+06
-2.412007381310381461e+06
-2.225386466350859031e+06
-2.063827974738349440e+06
-1.928027929435649188e+06
-1.822937484993565129e+06
-1.755343020904878387e+06
-1.727949085156327346e+06
-1.743811384129478829e+06
-1.805826589777001413e+06
-1.910992004059970146e+06
-2.070878904105553869e+06
-2.275597049029584974e+06
-2.521661244159784634e+06
-2.815613324935876299e+06
-3.146791447825835086e+06
-3.512558142040476669e+06
-3.902951851764862426e+06
-4.310786615792365745e+06
-4.725940844107164070e+06
-5.134421339512707666e+06
-5.519541845690820366e+06
-5.864943612561814487e+06
-6.154191263432504609e+06
-6.372613608257226646e+06
-6.494975308315715753e+06
-6.515226247518031858e+06
-6.422227282289281487e+06
-6.209085813978946768e+06
-5.880248016509752721e+06
-5.444161417783598416e+06
-4.917572838750992902e+06
-4.319005374619098380e+06
-3.674523719574721064e+06
-3.005077848369872198e+06
-2.336792836455377284e+06
-1.689880672431066399e+06
-1.085467587189296726e+06
-5.376028484789518407e+05
-6.197685190579656773e+04
3.341994039317226270e+05
6.403597288494531531e+05
8.524293203758248128e+05
9.642037734713057289e+05
9.769059358982720878e+05
8.870691669160883175e+05
6.951127331217475003e+05
4.040492415415548603e+05
2.045681796421649051e+04
-4.538483392812074162e+05
-1.009443413892269833e+06
-1.630240719730593730e+06
-2.304479861371614970e+06
-3.011532273550948128e+06
-3.716646349913575687e+06
-4.387520406122652814e+06
-4.985570675596386194e+06
-5.454705287974952720e+06
-5.735315316382065415e+06
-5.774225859641572461e+06
-5.508383195913402364e+06
-4.905193485467226245e+06
-3.948238138894715812e+06
-2.656861625392779242e+06
-1.093060860622079810e+06
6.588611970004159957e+05
2.473758851213414222e+06
4.245358169473687187e+06
5.858357758803003468e+06
7.233183983688162640e+06
8.312453905370298773e+06
9.067635689826726913e+06
9.482844648670328781e+06
9.577499117950377986e+06
9.362024265182949603e+06
8.880624890081861988e+06
8.157607337935808115e+06
7.244369890807886608e+06
6.172938548858671449e+06
4.990785440072095953e+06
3.741034933129461948e+06
2.461942047560807783e+06
1.195080209588215454e+06
-2.202018033532555637e+04
-1.156318989113119198e+06
-2.177355714411217719e+06
-3.064334707479093224e+06
-3.799870197308278177e+06
-4.367773497865768149e+06
-4.772306209125031717e+06
-5.010504181460570544e+06
-5.093265036343117245e+06
-5.033697058904509060e+06
-4.848827325587200932e+06
-4.559938631392955780e+06
-4.186853365760631859e+06
-3.751863539404912852e+06
-3.278009936452027876e+06
-2.782674772472104989e+06
-2.285918744747975376e+06
-1.803435142079074401e+06
-1.349467867928849068e+06
-9.356577114257352659e+05
-5.736474930012266850e+05
-2.691365233115783776e+05
-3.107245509031495021e+04
