# representation: sine, regressor: KRR
-5.500030214913270436e+06
-4.992100304095215164e+06
-4.483695552735857666e+06
-3.978363463955091778e+06
-3.481970937150646001e+06
-2.996346656435152516e+06
-2.529777431262961123e+06
-2.085028021216134541e+06
-1.666235762752750656e+06
-1.278061565213820431e+06
-9.212539472660572501e+05
-6.023912910894067027e+05
-3.215287462998738047e+05
-8.238833558385005745e+04
1.132221491631157987e+05
2.650263665105815744e+05
3.720855816225862945e+05
4.297403989183470840e+05
4.426810985345747322e+05
4.064895097097661346e+05
3.235507815315690823e+05
1.960746844284408435e+05
2.316504166675311353e+04
-1.867152941419285780e+05
-4.341988454480175860e+05
-7.062617561759244418e+05
-9.977025796717583435e+05
-1.295758264042413095e+06
-1.588246476509610657e+06
-1.862593900631082710e+06
-2.108375188040822279e+06
-2.313374613864544779e+06
-2.475345545192393474e+06
-2.594025298398251645e+06
-2.675016957487503067e+06
-2.726033767092053778e+06
-2.756384102519446518e+06
-2.777921337138747796e+06
-2.799591469105853233e+06
-2.826769225157734938e+06
-2.866578970400748774e+06
-2.923964041395701468e+06
-2.997917483247787692e+06
-3.091745859753263649e+06
-3.204647970270599704e+06
-3.338234139812740963e+06
-3.492080271605922841e+06
-3.663648658045659773e+06
-3.853308349479315802e+06
-4.058161366592248436e+06
-4.282165459472739138e+06
-4.517104388568792492e+06
-4.766110672432760708e+06
-5.025990530654935166e+06
-5.295377350630317815e+06
-5.570124255835151300e+06
-5.848716172049108893e+06
-6.127128976521798410e+06
-6.397310462608764879e+06
-6.657979262478617951e+06
-6.897530183110469952e+06
-7.103882552092391066e+06
-7.263618364306243137e+06
-7.358751475013399497e+06
-7.367243468814224005e+06
-7.253282814138256013e+06
-6.989378751604342833e+06
-6.536350832383563742e+06
-5.848337308652407490e+06
-4.891014385594593361e+06
-3.641125633208560292e+06
-2.096288606275809463e+06
-2.897782805250611855e+05
1.704752535698226653e+06
3.778000215465967078e+06
5.799175941848320886e+06
7.645764428513779305e+06
9.210661932727323845e+06
1.041414748319327459e+07
1.121112624435145222e+07
1.159307167687565461e+07
1.157657242012273520e+07
1.119485643814219907e+07
1.049140799819141813e+07
9.513082980473810807e+06
8.328252041833996773e+06
6.989185480882577598e+06
5.559172374564327300e+06
4.094357539215608500e+06
2.657537954060311895e+06
1.288077603584459284e+06
4.089181286136164999e+04
-1.055462667544888798e+06
-1.969555042125231819e+06
-2.687536675647479482e+06
-3.205630469437825028e+06
-3.528112239086116198e+06
-3.671295369548805989e+06
-3.649973174565623514e+06
-3.495976074869928882e+06
-3.236031287507051136e+06
-2.893326862625927664e+06
-2.500094451154442504e+06
-2.079716172639885219e+06
-1.654494484712520381e+06
-1.242593124135518912e+06
-8.609721066477776039e+05
-5.228805211115017883e+05
-2.392143859512978233e+05
-1.450364060954504384e+04
1.439788576212678454e+05
2.335164034082457656e+05
2.519224440455316217e+05
2.000223720097120386e+05
7.921428270851887646e+04
-1.072526009085096157e+05
-3.559063166322236066e+05
-6.632127258980262559e+05
-1.021018985351386713e+06
-1.423567602709234226e+06
-1.861151650166350184e+06
-2.327788313947102055e+06
-2.812604874187411740e+06
-3.301214781153429300e+06
-3.784484950346692931e+06
-4.247784039246324450e+06
-4.677780140748329461e+06
-5.057706025769100524e+06
-5.371335450195119716e+06
-5.602308202786408365e+06
-5.732388437353532761e+06
-5.742224209868782200e+06
-5.615406580577613786e+06
-5.331100940975546837e+06
-4.874700503734919243e+06
-4.231954160813818686e+06
-3.388188313768590800e+06
-2.336587820249533746e+06
-1.077556693341793492e+06
3.819499168003629893e+05
2.015828558654163266e+06
3.793791826593123842e+06
5.666655568527520634e+06
7.575628678720119409e+06
9.443473557941177860e+06
1.119399396601683274e+07
1.274908928146850318e+07
1.403894462935931608e+07
1.501044838732447661e+07
1.562399871520249732e+07
1.586272609954287857e+07
1.573078269204971194e+07
1.525270923984166421e+07
1.446631060411671549e+07
1.342396770584746636e+07
1.217855955234823562e+07
1.079244069798027351e+07
9.327036287470970303e+06
7.835285185097393580e+06
6.366850189257337712e+06
4.966085795522736385e+06
3.669719787567720283e+06
2.498201193874982651e+06
1.478050716908663977e+06
6.139983030515059363e+05
-7.959692080037048436e+04
-6.068632182066008681e+05
-9.683455501453278121e+05
-1.174725724022630602e+06
-1.231936113878363976e+06
-1.150923589635681594e+06
-9.433264757532454096e+05
-6.231999999755827012e+05
-2.038660554253998562e+05
3.015079166248436668e+05
8.803955740014422918e+05
1.518656548368913587e+06
2.202864417198800482e+06
2.919314005554973613e+06
3.655253451315871440e+06
4.398867582260612398e+06
5.130509083115559071e+06
5.841802911188315600e+06
6.511766373038614169e+06
7.129229002933016047e+06
7.668903483582038432e+06
8.116794897595757619e+06
8.449781654893482104e+06
8.643545904507892206e+06
8.677662207851575688e+06
8.531107735977884382e+06
8.186808372108581476e+06
7.638833916673029773e+06
6.888380496341784485e+06
5.963850219956212677e+06
4.909235960676582530e+06
3.789920597086417023e+06
2.680559548719152808e+06
1.644966305672332179e+06
7.216105534235605737e+05
-7.105553184962279920e+04
-7.519518504837842193e+05
-1.347663047114023240e+06
-1.890853750742389588e+06
-2.408041294934382662e+06
-2.917253541169122327e+06
-3.427846404859026894e+06
-3.927581625857000239e+06
-4.412795242740577087e+06
-4.872465941421165131e+06
-5.288265946073589846e+06
-5.643784136804034002e+06
-5.931739299018070102e+06
-6.138941028663513251e+06
-6.266887996081331745e+06
-6.314054928335119039e+06
-6.279196992180264555e+06
-6.174492132506676018e+06
-6.011469621843334287e+06
-5.795728698026125319e+06
-5.540414321891428903e+06
-5.263434169342303649e+06
-4.970340221022475511e+06
-4.675796363949832506e+06
-4.390608668039080687e+06
-4.117455884655193891e+06
-3.868404837651728187e+06
-3.644846675898473710e+06
-3.450665553560371045e+06
-3.289233426485682372e+06
-3.159549218941716943e+06
-3.063098800203131977e+06
-2.997690143415959552e+06
-2.959752787791327573e+06
-2.949453119889530353e+06
-2.965055997014191002e+06
-3.001044857929643244e+06
-3.057028709494786337e+06
-3.126731433788268827e+06
-3.210474664324853569e+06
-3.303731291821263265e+06
-3.398938745284559671e+06
-3.500353081445022486e+06
-3.598257261433704756e+06
-3.693212599150444381e+06
-3.775551471672308631e+06
-3.842115629903389607e+06
-3.891793692708896007e+06
-3.912946791631228756e+06
-3.901741571576016489e+06
-3.850415700568623375e+06
-3.740740090262718499e+06
-3.570555428256345913e+06
-3.317250235239345115e+06
-2.970012357813291252e+06
-2.504729549251029268e+06
-1.905781689101669472e+06
-1.159897366274517495e+06
-2.521812518307880382e+05
8.206769583904331084e+05
2.041421635555707151e+06
3.379616003368982114e+06
4.778404286702017300e+06
6.158404472806900740e+06
7.438389555466580205e+06
8.539344007164537907e+06
9.385389225908931345e+06
9.932877829045102000e+06
1.015361823073681630e+07
1.004103411487219110e+07
9.615749060338741168e+06
8.901750791859962046e+06
7.941588974741516635e+06
6.774794931329915300e+06
5.452630676099696197e+06
4.027780769455658738e+06
2.546301523667376954e+06
1.059105067170821363e+06
-3.795533715293222922e+05
-1.733492825066772522e+06
-2.960271308623465709e+06
-4.024261967679622583e+06
-4.898557001894135959e+06
-5.564894369828293100e+06
-6.010186721976811998e+06
-6.230046832977511920e+06
-6.225865397251771763e+06
-6.007533083123295568e+06
-5.589470492493420839e+06
-4.992082096387803555e+06
-4.240935122334415093e+06
-3.364838936536923051e+06
-2.385853222422561143e+06
-1.340152437779720407e+06
-2.505305608918387152e+05
8.523226919850532431e+05
1.941856579991466133e+06
2.993403009184103459e+06
3.985204967923933174e+06
4.896428174835066311e+06
5.706641754073095508e+06
6.402403377491859719e+06
6.968446652383749373e+06
7.390914577586741187e+06
7.660571891214065254e+06
7.771377500527584925e+06
7.714781593348663300e+06
7.492737470381313935e+06
7.104601377089525573e+06
6.555490164535850286e+06
5.855722396805414930e+06
5.023230644432966597e+06
4.079072201086046174e+06
3.055121319166480564e+06
1.981994480083175935e+06
9.051509816938713193e+05
-1.285919819812941278e+05
-1.069236050069684396e+06
-1.867016145989337470e+06
-2.479680669603611808e+06
-2.868592560951393098e+06
-3.013633571374320425e+06
-2.902402605586385820e+06
-2.549293754118891433e+06
-1.974850653013396775e+06
-1.222387206025146414e+06
-3.378616428037664155e+05
6.276457309829127043e+05
1.608663910331533058e+06
2.560146412813698407e+06
3.425734707931644283e+06
4.169139379486268852e+06
4.747482424409482628e+06
5.139703236547385342e+06
5.331109520976017229e+06
5.313700734298565425e+06
5.094245102539152838e+06
4.685472388264362700e+06
4.107358888685731217e+06
3.388520873807237484e+06
2.559967500016647857e+06
1.653679387717797421e+06
7.043333128740786342e+05
-2.529763643524091749e+05
-1.190364460666606203e+06
-2.081475008139197482e+06
-2.902421184645706322e+06
-3.636019689353053458e+06
-4.270040454594635405e+06
-4.796224889071134850e+06
-5.209753855300633237e+06
-5.509856709726640023e+06
-5.696825324212945066e+06
-5.775662136789966375e+06
-5.750329785992510617e+06
-5.627423049648172222e+06
-5.412048901643820107e+06
-5.113880682354640216e+06
-4.738493492440461181e+06
-4.296382302391932346e+06
-3.792712512014061678e+06
-3.239381777434002142e+06
-2.637535809697722550e+06
-2.001576055947709829e+06
-1.336689173916127766e+06
-6.514573163370381808e+05
4.622511907904362306e+04
7.452012385467410786e+05
1.434254149274452357e+06
2.105131147180906497e+06
2.740982368894082028e+06
3.328468464502871502e+06
3.850100463026587386e+06
4.283146934084895067e+06
4.607859453464827500e+06
4.794811846228757873e+06
4.815435054479089566e+06
4.644674087876923382e+06
4.259621981291229837e+06
3.645599869976333342e+06
2.819936400727980305e+06
1.810805248218917521e+06
6.830981931137398351e+05
-4.880107583170018625e+05
-1.623357929815865587e+06
-2.661793300739853177e+06
-3.574621464436855633e+06
-4.350652430028811097e+06
-4.996006648340792395e+06
-5.529939178152755834e+06
-5.971682038609520532e+06
-6.336676674097346142e+06
-6.649988577970789745e+06
-6.908597723559196107e+06
-7.127682217616242357e+06
-7.312292641093487851e+06
-7.459162777458759956e+06
-7.575753739735774696e+06
-7.651243591747561470e+06
-7.691747538391420618e+06
-7.684875860324394889e+06
-7.634396739685242996e+06
-7.528154884012081660e+06
-7.374726319890002720e+06
-7.162805274294208735e+06
-6.900379882809247822e+06
-6.587763078903481364e+06
-6.231518551346114837e+06
-5.841376539599788375e+06
-5.427507313794674352e+06
-5.001812011702843010e+06
-4.578818325820100494e+06
-4.169307931934020482e+06
-3.788061619741604198e+06
-3.442958180218592286e+06
-3.141135563935589045e+06
-2.884790341118268669e+06
-2.681456818921735510e+06
-2.526982503820290323e+06
-2.421572424761345144e+06
-2.362370459551556967e+06
-2.345046142277909443e+06
-2.368795614990259986e+06
-2.426909747036385816e+06
-2.517330497999710031e+06
-2.634782317380836699e+06
-2.776366397271398921e+06
-2.935562573710749857e+06
-3.112966657736231107e+06
-3.300455770150895696e+06
-3.495108988725172356e+06
-3.694842887589049060e+06
-3.890286113136199303e+06
-4.076344116037979722e+06
-4.241028061243715696e+06
-4.384328915379740298e+06
-4.488154617585239001e+06
-4.545529495463505387e+06
-4.546216998168703169e+06
-4.473336979161407799e+06
-4.323966235356820747e+06
-4.085697623523805290e+06
-3.759240656546757556e+06
-3.358947672916837037e+06
-2.892853782435857225e+06
-2.389940783080904279e+06
-1.880055865598840173e+06
-1.387822685306255007e+06
-9.443459964052210562e+05
-5.663696814799349522e+05
-2.665053374379522866e+05
-5.030512420457504777e+04
8.210265029055411287e+04
1.324555304364891490e+05
1.092396838741573592e+05
1.902749501605767000e+04
-1.313314302531531721e+05
-3.342892127437113668e+05
-5.783788691003250424e+05
-8.605420785983642563e+05
-1.171383301474170526e+06
-1.506721864380971761e+06
-1.857788504387840629e+06
-2.218060717620517127e+06
-2.582024965746324044e+06
-2.941661881989147514e+06
-3.292031563393973745e+06
-3.626728124416864011e+06
-3.936836710095778573e+06
-4.214399087758554146e+06
-4.450734448375472799e+06
-4.640375049302496947e+06
-4.769756313113718294e+06
-4.831917742103855126e+06
-4.816448642402783968e+06
-4.715985314520972781e+06
-4.518925337411357090e+06
-4.223858851710083894e+06
-3.822875727116055321e+06
-3.317183869652425870e+06
-2.710951538559314795e+06
-2.014520384697712259e+06
-1.242727979847875424e+06
-4.155273681189906201e+05
4.360419692883550306e+05
1.281243423056525178e+06
2.084113214607402915e+06
2.803769712344282307e+06
3.405949263447150588e+06
3.856502913892672397e+06
4.126541566465568729e+06
4.200204243005680852e+06
4.056379986014422029e+06
3.698054363084028009e+06
3.140238191185729578e+06
2.398456819703010842e+06
1.503305345740505960e+06
5.089142493950564531e+05
-5.391495091242109193e+05
-1.573052620152739109e+06
-2.522511977312983014e+06
-3.327117507329563145e+06
-3.915470258921610191e+06
-4.240452028986867517e+06
-4.264375451868336648e+06
-3.978833769062254578e+06
-3.394274126032031607e+06
-2.542230849140690640e+06
-1.477674824100218480e+06
-2.624751251808862435e+05
1.031207803689427092e+06
2.341606874474846758e+06
3.606755317731187679e+06
4.776773650048546493e+06
5.812782252531967126e+06
6.682217537065097131e+06
7.370426617998565547e+06
7.860264184649681672e+06
8.149606941592522897e+06
8.234897050724489614e+06
8.124985604987451807e+06
7.820855469152577221e+06
7.336833894138948061e+06
6.682558543116797693e+06
5.873541796958208084e+06
4.922793370869426057e+06
3.852935103610560298e+06
2.683831031314270571e+06
1.439223330396787962e+06
1.429987538953449985e+05
-1.174967079388499958e+06
-2.478046415152169298e+06
-3.733495232266096398e+06
-4.902363403968615457e+06
-5.944540820908335969e+06
-6.817381568412679248e+06
-7.480716424056088552e+06
-7.898522512031054124e+06
-8.034210203923603520e+06
-7.866220903040729463e+06
-7.379831491583903320e+06
-6.571206888260737062e+06
-5.454513751115699299e+06
-4.052939971274959855e+06
-2.409916386275343597e+06
-5.807297015826341230e+05
1.370861611222605221e+06
3.365922338064349722e+06
5.324354041306968778e+06
7.169156543109148741e+06
8.816619805866725743e+06
1.019675444036152773e+07
1.124962515847011469e+07
1.193113068323556334e+07
1.221142714781197347e+07
1.208584585775149055e+07
1.156905150064450875e+07
1.070303295574986748e+07
9.543299553659878671e+06
8.159589783859114163e+06
6.633963126337299123e+06
5.040703685011592694e+06
3.457296649572338443e+06
1.943300336456361227e+06
5.497894709866937483e+05
-6.913010854932927759e+05
-1.756568236597378971e+06
-2.640858989684057422e+06
-3.342363896271945909e+06
-3.867437408641935792e+06
-4.227671802363255993e+06
-4.439514071364417672e+06
-4.514653013120759279e+06
-4.472977417652618140e+06
-4.328224579297081567e+06
-4.096018119151272811e+06
-3.789458501922646537e+06
-3.424001274885715451e+06
-3.009627268552224617e+06
-2.560375981825288851e+06
-2.083124290506889578e+06
-1.592662516941097332e+06
-1.097054793429627316e+06
-6.044339510905477218e+05
-1.260177088695763232e+05
3.276296237450781045e+05
7.477018027080465108e+05
1.122393119121514726e+06
1.441604611255641561e+06
1.691654202217640122e+06
1.863219126917021582e+06
1.938380015588406241e+06
1.906776994247049326e+06
1.753174811433294788e+06
1.465101586958911037e+06
1.033165601140478859e+06
4.506788974179935758e+05
-2.838464159793250146e+05
-1.165293184225366218e+06
-2.170537264269675128e+06
-3.276684413061463274e+06
-4.441058241892928258e+06
-5.619384657027194276e+06
-6.769928324010642245e+06
-7.834294541821738705e+06
-8.785008906581705436e+06
-9.593902625889487565e+06
-1.024466903802592121e+07
-1.073783009686929360e+07
-1.108421431991198286e+07
-1.129230349567837268e+07
-1.137872822643898986e+07
-1.136656897509698756e+07
-1.127245369987075590e+07
-1.110666169113851525e+07
-1.088481682698695548e+07
-1.061413646616687067e+07
-1.030508253647916578e+07
-9.958232621406091377e+06
-9.576617739027218893e+06
-9.165530115742919967e+06
-8.719644445951517671e+06
-8.247074221973948181e+06
-7.743815702131301165e+06
-7.219733926003931090e+06
-6.678646072922922671e+06
-6.125987912195363082e+06
-5.575007064508078620e+06
-5.034742515228246339e+06
-4.518542679670035839e+06
-4.034590391786871944e+06
-3.592232971991263796e+06
-3.198227743233941030e+06
-2.855547497102254536e+06
-2.564328236788813025e+06
-2.325465235270495061e+06
-2.133544354715347290e+06
-1.985165152298790868e+06
-1.874408779558558017e+06
-1.795866000721378718e+06
-1.743398234828396467e+06
-1.714093879966825712e+06
-1.698913450959441485e+06
-1.697017555436902447e+06
-1.704325620545599842e+06
-1.718466056063036202e+06
-1.730485653746723896e+06
-1.741540894688418368e+06
-1.750772572724015685e+06
-1.749242488456283230e+06
-1.731026823784451233e+06
-1.696727279412246542e+06
-1.627608827273881063e+06
-1.520485030700683128e+06
-1.356795950668851612e+06
-1.123402590984199895e+06
-7.919427410713783465e+05
-3.338928990611046320e+05
2.845100909194520209e+05
1.095108099929615622e+06
2.139600912057811394e+06
3.436064765448258258e+06
4.984640965916868299e+06
6.751988993953025900e+06
8.652655816556362435e+06
1.057137174437647685e+07
1.236544257654984668e+07
1.390144085434880294e+07
1.507500843013897538e+07
1.581203641332904063e+07
1.609252481175205298e+07
1.592359966643546894e+07
1.533233280372986197e+07
1.436882673356258497e+07
1.309756043722900562e+07
1.157311103014578484e+07
9.862019518410809338e+06
8.025881093462739140e+06
6.127024992784002796e+06
4.209974932758201845e+06
2.336597421154181007e+06
5.493001308779594256e+05
-1.115686000029467279e+06
-2.628642201200236566e+06
-3.960992083809526172e+06
-5.098803845441113226e+06
-6.031997718792332336e+06
-6.761572103380222805e+06
-7.283525223123723641e+06
-7.615820981703874655e+06
-7.766173760220959783e+06
-7.756277419959628955e+06
-7.604586695353525691e+06
-7.330985577695052139e+06
-6.956744782248596661e+06
-6.507191257249738090e+06
-6.000516198636266403e+06
-5.458397892610172741e+06
-4.896160378841300495e+06
-4.334904667686098255e+06
-3.787321288937567733e+06
-3.268922148305126000e+06
-2.791578883675696794e+06
-2.367370219646442682e+06
-2.006250191577660618e+06
-1.717333661276296480e+06
-1.508741444238576572e+06
-1.389423695712938206e+06
-1.362640322759381728e+06
-1.436633321906004800e+06
-1.616479006579979323e+06
-1.904515240003633779e+06
-2.299976658414299600e+06
-2.804510586033688858e+06
-3.413657640997554176e+06
-4.117752857760675717e+06
-4.902760069477027282e+06
-5.753642838425848633e+06
-6.631424392338333651e+06
-7.501885738975163549e+06
-8.313061328762101009e+06
-9.003765735944787040e+06
-9.504863072586813942e+06
-9.749029053270108998e+06
-9.673718834185488522e+06
-9.237849918683739379e+06
-8.422417051068810746e+06
-7.251158962324134074e+06
-5.776066847201866098e+06
-4.074253268066037446e+06
-2.239398561360075139e+06
-3.700640499014521483e+05
1.446734572262690635e+06
3.135117474117017351e+06
4.642874702790460549e+06
5.926623453347898088e+06
6.964276872396094725e+06
7.739806672814506106e+06
8.252135004067927599e+06
8.510785316905582324e+06
8.530219711225936189e+06
8.325699127651812509e+06
7.924010397210998461e+06
7.352409819810392335e+06
6.636377384769673459e+06
5.812125595069532283e+06
4.911686698700988665e+06
3.973402743561063893e+06
3.032262691417489201e+06
2.120268892632241361e+06
1.276016927638455061e+06
5.293111307082765270e+05
-9.622656465579522774e+04
-5.766850550991500495e+05
-8.997035791341606528e+05
-1.052802450404305477e+06
-1.036067011178193963e+06
-8.537310000793181825e+05
-5.137011864501498640e+05
-3.347929948391832295e+04
5.685815720726456493e+05
1.270903172684862046e+06
2.047116869957938325e+06
2.873058183176597115e+06
3.720975100037122611e+06
4.561847933353061788e+06
5.368127310337013565e+06
6.111995288862505928e+06
6.763708244434648193e+06
7.297039247799742036e+06
7.681262992079603486e+06
7.887911316391625442e+06
7.889360374417775311e+06
7.659382002016996965e+06
7.168615962327438407e+06
6.403228373667790554e+06
5.348270648135209456e+06
4.002423839043790009e+06
2.384364863583669066e+06
5.385330140367327258e+05
-1.455210281909306534e+06
-3.477260637762888335e+06
-5.370184524181568995e+06
-6.952680790390729904e+06
-8.046512563837348484e+06
-8.525875229850085452e+06
-8.331977006454379298e+06
-7.509853496007554233e+06
-6.173131324607989751e+06
-4.495143606041694060e+06
-2.643281523012585472e+06
-7.781307230388505850e+05
9.823995210649005603e+05
2.547193350764409173e+06
3.864774606686070096e+06
4.901473738182302564e+06
5.645819745869152248e+06
6.099586918532193638e+06
6.279119695919737220e+06
6.196711069305061363e+06
5.877968696992120706e+06
5.355246227778205648e+06
4.655893229486151598e+06
3.813894174158062786e+06
2.863340913373412099e+06
1.842049630071202060e+06
7.859193678860384971e+05
-2.688930869133557426e+05
-1.284483117680317955e+06
-2.230918295797830913e+06
-3.081811738516712096e+06
-3.813102874567470048e+06
-4.410480235681829974e+06
-4.864922821979776956e+06
-5.174205999582901597e+06
-5.344059145590357482e+06
-5.383334911506255157e+06
-5.306226691928857006e+06
-5.128551029560852796e+06
-4.870699578982802108e+06
-4.549731115846340545e+06
-4.182680670941642486e+06
-3.787551729932599235e+06
-3.380141865281119477e+06
-2.973931518175804522e+06
-2.581266972045021132e+06
-2.212742709988203831e+06
-1.880851451991927344e+06
-1.589328729468170088e+06
-1.352414664604449645e+06
-1.175435448175498284e+06
-1.063660514008399099e+06
-1.025971364594152896e+06
-1.068573619138702285e+06
-1.196602517196867848e+06
-1.411689492147132754e+06
-1.720456241477797739e+06
-2.121059312224891037e+06
-2.610327478672824334e+06
-3.178415537493709009e+06
-3.804444474477027077e+06
-4.455712004341262393e+06
-5.079534791996305808e+06
-5.615121576168429106e+06
-5.967825136100718752e+06
-6.050873488491817378e+06
-5.780607508789291605e+06
-5.107351516665146686e+06
-4.035185020227162633e+06
-2.626162633008834906e+06
-9.863877707756098825e+05
7.537208854758255184e+05
2.468096557242303621e+06
4.055171425304302946e+06
5.440938196531979367e+06
6.579308267842345871e+06
7.445271016034720466e+06
8.035064975393897854e+06
8.349852662981186993e+06
8.406104830522581935e+06
8.223487855368100107e+06
7.820565720294506289e+06
7.222315228280347772e+06
6.457056834091163240e+06
5.550770532068887725e+06
4.530089270109042525e+06
3.430650764264111873e+06
2.282329620304961223e+06
1.120671932216129731e+06
-1.942273274922234850e+04
-1.098336357738486491e+06
-2.079881972712303977e+06
-2.925999234885142185e+06
-3.599882678906538989e+06
-4.070343453807577491e+06
-4.307273157036352903e+06
-4.292314081123008393e+06
-4.016238737269559875e+06
-3.477698701065689325e+06
-2.689469988393684383e+06
-1.673618818876681849e+06
-4.653755499889034545e+05
8.975041727096103132e+05
2.366229198713155929e+06
3.889550538968990091e+06
5.418886527406169102e+06
6.901307789358332753e+06
8.290371613434784114e+06
9.542158373944386840e+06
1.061681198659363948e+07
1.147669591246832535e+07
1.209646832190704346e+07
1.245142666748706438e+07
1.251404903896594420e+07
1.227339743495149538e+07
1.171475877892758884e+07
1.083627643653869443e+07
9.636779467567007989e+06
8.136122221986513585e+06
6.359831139932962134e+06
4.361324596647615544e+06
2.217581002022653352e+06
2.182282670080251046e+04
-2.103377950964951422e+06
-4.023019663710177876e+06
-5.614809931048512459e+06
-6.780567740857188590e+06
-7.467915759444144554e+06
-7.676776794226855040e+06
-7.459114937050141394e+06
-6.905566550273744389e+06
-6.112814312486854382e+06
-5.179938194759909995e+06
-4.192937576818931848e+06
-3.227160680748144630e+06
-2.327644279893477447e+06
-1.530321892400119919e+06
-8.584147446717820130e+05
-3.193560540260674898e+05
8.298668751868327672e+04
3.488838518548072316e+05
4.900024561119686114e+05
5.112735154827726656e+05
4.260064541982231895e+05
2.490340164364833327e+05
-8.159739574730518143e+03
-3.262066254883473739e+05
-6.931885798006333644e+05
-1.092578105363531737e+06
-1.505918291330647655e+06
-1.918413476287043886e+06
-2.314640898860139307e+06
-2.681424961484130938e+06
-2.998900684866653755e+06
-3.257435799876048230e+06
-3.443236130329623353e+06
-3.546955616169567686e+06
-3.563547770880621858e+06
-3.482488470056286547e+06
-3.302506489907586481e+06
-3.026337546640212182e+06
-2.653164371704441495e+06
-2.191771852076545358e+06
-1.649033507881563390e+06
-1.036533826210045489e+06
-3.663972577728877659e+05
3.475421387166625937e+05
1.085815917412949027e+06
1.832708874882359756e+06
2.567043744529068936e+06
3.272395766852569301e+06
3.925202670513988007e+06
4.505511771031885408e+06
4.991246288418713957e+06
5.363663068745974451e+06
5.596373958479440771e+06
5.672556416437719017e+06
5.572661724990294315e+06
5.282834596943818033e+06
4.788570221522463486e+06
4.089804418983534910e+06
3.194917684109703172e+06
2.127566918240571395e+06
9.327050000070163514e+05
-3.128496692037902540e+05
-1.528932413507030578e+06
-2.604771323663221207e+06
-3.438357977598843630e+06
-3.960469470319190063e+06
-4.133233919800317381e+06
-3.980598318056184798e+06
-3.560193988530457951e+06
-2.950043683941661846e+06
-2.237713648713266477e+06
-1.505258186694061849e+06
-8.087753428821057314e+05
-1.897608239001991169e+05
3.266928151004992542e+05
7.230582802607736085e+05
9.973883780331998132e+05
1.152006086685458664e+06
1.192778953372730175e+06
1.129594135555399815e+06
9.734962141890891362e+05
7.392619440833918052e+05
4.389393205177230411e+05
8.690480550366504758e+04
-2.971463327529430389e+05
-7.054536832946679788e+05
-1.116050336652581580e+06
-1.518513836897786707e+06
-1.898075322917139158e+06
-2.242984026484015398e+06
-2.537614556568652857e+06
-2.778322917793656699e+06
-2.954797213937134482e+06
-3.063946822744307574e+06
-3.105220477204100695e+06
-3.077609877196846996e+06
-2.985601511028028559e+06
-2.835886650186642539e+06
-2.633801694926074240e+06
-2.389423635718187783e+06
-2.112494458984188270e+06
-1.813766647052112734e+06
-1.498603283038996626e+06
-1.181158453161512502e+06
-8.754776560807389906e+05
-5.795610277054099133e+05
-3.094961109392258804e+05
-7.450919474708959751e+04
1.218658443146797072e+05
2.715566253800795530e+05
3.688928245327269542e+05
4.057776709395405487e+05
3.821523802759551909e+05
2.906768810189201613e+05
1.359021045146207907e+05
-8.405450076669992995e+04
-3.654957712037132005e+05
-6.944586372185463551e+05
-1.060529445907850051e+06
-1.443174325699189678e+06
-1.813228748156012734e+06
-2.131448966248149518e+06
-2.371124641753693111e+06
-2.489287453489493579e+06
-2.461281335619914345e+06
-2.270521499076046981e+06
-1.919255167942537228e+06
-1.433554830228132661e+06
-8.526298951097034151e+05
-2.272176913460814394e+05
3.894837751310311724e+05
9.616559164449465461e+05
1.445752997307242127e+06
1.822064237185550388e+06
2.073939696934884181e+06
2.204462219852061011e+06
2.207154524427540600e+06
2.091713585604488617e+06
1.869801435073203640e+06
1.551324468827462988e+06
1.150522966263615061e+06
6.810799432664948981e+05
1.564908522236318095e+05
-4.076887502220117021e+05
-9.992724616235077847e+05
-1.601238490473327460e+06
-2.202050203400200699e+06
-2.787167562762149144e+06
-3.341616352500644978e+06
-3.850377764251457062e+06
-4.304258574907344766e+06
-4.687450588331787847e+06
-4.986094584054816514e+06
-5.188812199309025891e+06
-5.285380389504749328e+06
-5.264730933090408333e+06
-5.119546052599156275e+06
-4.842649740520074032e+06
-4.428476902714962140e+06
-3.878394584926528390e+06
-3.193288238340757787e+06
-2.377489598881024867e+06
-1.440593608292788500e+06
-3.961205826365412213e+05
7.406205938666881993e+05
1.946821814328799956e+06
3.198451861446254421e+06
4.467772613170284778e+06
5.723007225416176952e+06
6.933068586357381195e+06
8.061812893577131443e+06
9.077462279203278944e+06
9.947368328400183469e+06
1.063102230369208939e+07
1.110599036719582789e+07
1.134600960828614421e+07
1.132558421300411411e+07
1.103205075046415813e+07
1.046047771036819555e+07
9.613294958313401788e+06
8.506220233277801424e+06
7.170887437335199676e+06
5.651033401095613837e+06
4.002359370147145819e+06
2.294146816759670619e+06
5.962080849570746068e+05
-1.014780023541981354e+06
-2.474738278475074098e+06
-3.739929092385655269e+06
-4.773392136288298294e+06
-5.558872935940437019e+06
-6.105321989613967948e+06
-6.427355785235899501e+06
-6.547917517452980392e+06
-6.499861304995547980e+06
-6.314788712169053964e+06
-6.023221152932166122e+06
-5.657926003275640309e+06
-5.246574602636298165e+06
-4.814930648039104417e+06
-4.380550763519452885e+06
-3.964592157623501029e+06
-3.582319602838503662e+06
-3.248968829391579144e+06
-2.970742004719503224e+06
-2.759778489104837645e+06
-2.618062923890850507e+06
-2.551519967368158046e+06
-2.557743561849329621e+06
-2.632418899281578604e+06
-2.771456916211472359e+06
-2.968254006583586335e+06
-3.209753902158555575e+06
-3.475178931196974125e+06
-3.755286009081708267e+06
-4.026797559695428703e+06
-4.266450880312144756e+06
-4.456705936589448713e+06
-4.576502916105167009e+06
-4.607151262602692470e+06
-4.534293525527663529e+06
-4.344403236436350271e+06
-4.037968689061314333e+06
-3.609247782925970387e+06
-3.071265647172983270e+06
-2.429615217758333776e+06
-1.701684865789221134e+06
-9.088007670502830297e+05
-7.549741525907492905e+04
7.781939720399167854e+05
1.624246891709900694e+06
2.437106442488393746e+06
3.188054577648219187e+06
3.863378359343211632e+06
4.431752589150197804e+06
4.879705962424113415e+06
5.192254549395812675e+06
5.354371434059714898e+06
5.363095224507670850e+06
5.221642574496416375e+06
4.929441238202450797e+06
4.506963996760163456e+06
3.975540109925577417e+06
3.364843355407387950e+06
2.711290487991774455e+06
2.054334135325071402e+06
1.433291245626210934e+06
8.744368761816447368e+05
4.000912114077333827e+05
1.829869574616037062e+04
-2.717519464934630669e+05
-4.844243877501927200e+05
-6.376938585853953846e+05
-7.501764039053540910e+05
-8.430706509080393007e+05
-9.312584611704292474e+05
-1.032484885419476661e+06
-1.150132724179252749e+06
-1.293860184303844348e+06
-1.465458390205186792e+06
-1.667707762108076597e+06
-1.898217086689693620e+06
-2.155356014392930083e+06
-2.436727882197470870e+06
-2.737900390186813194e+06
-3.056545214635560755e+06
-3.389942386237377767e+06
-3.730200596678304952e+06
-4.075568015007141046e+06
-4.421514537148618139e+06
-4.764253608955215663e+06
-5.096457743612479419e+06
-5.416409982164634392e+06
-5.717902950834199786e+06
-5.996829845439088531e+06
-6.248002905088800006e+06
-6.464466123825316317e+06
-6.642808140761747956e+06
-6.774957492596404627e+06
-6.856663809681122191e+06
-6.882247249842515215e+06
-6.842140650276808068e+06
-6.737446892100582831e+06
-6.559300011361110024e+06
-6.303437659937398508e+06
-5.971344999144384637e+06
-5.562192781484154984e+06
-5.079345178380925208e+06
-4.529111172449914739e+06
-3.918662001520712860e+06
-3.263145092641052790e+06
-2.576556150356928352e+06
-1.872325653795222053e+06
-1.175207844133038539e+06
-5.071093139835304464e+05
1.210262733579609194e+05
6.836389438976029633e+05
1.166509734915446490e+06
1.562327028969810344e+06
1.857980329117278336e+06
2.055873541559927398e+06
2.155156701893658843e+06
2.169215262140630279e+06
2.114209010083125904e+06
1.999130809875536012e+06
1.859473681207369082e+06
1.716114277897716966e+06
1.597013116867966019e+06
1.522661645838774508e+06
1.518943895389202517e+06
1.597898381353723118e+06
1.770715539746310562e+06
2.032158096182189649e+06
2.384318577246720903e+06
2.804905330209434032e+06
3.276668206242454238e+06
3.777504270726894028e+06
4.281042213963359594e+06
4.762799660230721347e+06
5.200900361165276729e+06
5.572656973603497259e+06
5.864511123732146807e+06
6.058121440804317594e+06
6.147148284102508798e+06
6.124651369395507500e+06
5.983501641633626074e+06
5.727674722434738651e+06
5.359355681696630083e+06
4.880763272025988437e+06
4.301992066777528264e+06
3.627535561043744907e+06
2.871603744142779149e+06
2.046408924639747711e+06
1.163534459562932374e+06
2.392868986308910535e+05
-7.106029501818201970e+05
-1.669821772248100024e+06
-2.617490494605193846e+06
-3.537596401044392027e+06
-4.405039156311609782e+06
-5.201483141221144237e+06
-5.905611336481768638e+06
-6.498575472824774683e+06
-6.954577950406631455e+06
-7.256757010190009139e+06
-7.385412840474599041e+06
-7.324080474373467267e+06
-7.059038285066594370e+06
-6.577183511164002120e+06
-5.883194701357427053e+06
-4.977489503064677119e+06
-3.878757378620993346e+06
-2.612609478568348102e+06
-1.217079115560302045e+06
2.642158178842074121e+05
1.776045626702441834e+06
3.257662725739971269e+06
4.656957763761261478e+06
5.922757076848200522e+06
7.011039025611412711e+06
7.886317964051945135e+06
8.522592207211134955e+06
8.903945331695638597e+06
9.027483358412774280e+06
8.900248989226337522e+06
8.527542497811963782e+06
7.933476305347507820e+06
7.141980699294197373e+06
6.189055400450785644e+06
5.108472586042373441e+06
3.937787789868342690e+06
2.720356651180768386e+06
1.496940202875070740e+06
3.151105613180384971e+05
-7.944402833326266846e+05
-1.795380751804011641e+06
-2.663275866353097372e+06
-3.377119500364261679e+06
-3.925219993609654251e+06
-4.300784826651619747e+06
-4.509041174096331932e+06
-4.554344233905344270e+06
-4.448152300276651978e+06
-4.207953481040687300e+06
-3.849776528990017716e+06
-3.395016077152552083e+06
-2.865908382482971065e+06
-2.282413302495296579e+06
-1.667114739558959845e+06
-1.038485179334600340e+06
-4.183673045180498739e+05
1.752657863319171302e+05
7.245603204716807231e+05
1.212625370627524331e+06
1.624954753055094741e+06
1.946128672157922760e+06
2.166999822233716026e+06
2.273037053825515788e+06
2.256980351578625385e+06
2.113375858466964681e+06
1.838609251199603314e+06
1.432479415295838844e+06
9.015279715322160628e+05
2.588354058493257617e+05
-4.751867483115444193e+05
-1.272418801440111827e+06
-2.092810719869734952e+06
-2.889464749125089496e+06
-3.606160601213830989e+06
-4.184899399513172451e+06
-4.572267073840546422e+06
-4.722704267252312042e+06
-4.613730627580252476e+06
-4.244797795247886330e+06
-3.645378520904257428e+06
-2.855795160298177972e+06
-1.938551572132233763e+06
-9.578284968373049051e+05
2.369118654264896031e+04
9.495651454156291438e+05
1.783424966329763178e+06
2.487082032503634691e+06
3.053777303645203821e+06
3.466384339094616473e+06
3.731549105174760334e+06
3.857216589791521430e+06
3.850696281255343463e+06
3.730529546592204832e+06
3.510143745830982924e+06
3.205865356311190873e+06
2.838377754184262827e+06
2.423693790592851583e+06
1.976005414227831177e+06
1.515161847462777514e+06
1.051628573251601541e+06
6.029926546156507684e+05
1.801678650460932113e+05
-2.061587752622628759e+05
-5.458831632004027488e+05
-8.325458131835395470e+05
-1.059501619390985928e+06
-1.219101550683272071e+06
-1.312495801248162054e+06
-1.336831900430041132e+06
-1.291845104130222229e+06
-1.180055723695516121e+06
-1.002768635895714047e+06
-7.652578391865454614e+05
-4.673257052236787858e+05
-1.221862105735323566e+05
2.689002979730578954e+05
6.987447240866750944e+05
1.159463313471376430e+06
1.641622122052947991e+06
2.135848217355272733e+06
2.634037692302286625e+06
3.128351301664021332e+06
3.602726718979297671e+06
4.048802290947579313e+06
4.457496722782708704e+06
4.811740454917150550e+06
5.104041435915418901e+06
5.321694036725997925e+06
5.458549534939461388e+06
5.514865764005375095e+06
5.496716470905017108e+06
5.415897948429499753e+06
5.307771341982998885e+06
5.221508188064038754e+06
5.220513648528039455e+06
5.375950700426240452e+06
5.750692963519087061e+06
6.378794886353778653e+06
7.249604929849295877e+06
8.291219979481032118e+06
9.407025015485579148e+06
1.048100027615451254e+07
1.140523061453566514e+07
1.209630790082835034e+07
1.250822820999254659e+07
1.260933806458769180e+07
1.239724682611074299e+07
1.188329935385078378e+07
1.109612023883577436e+07
1.006357681424766779e+07
8.825273088132422417e+06
7.422630828936898150e+06
5.896079636162008159e+06
4.299721232954488136e+06
2.669185174058630131e+06
1.057247191690498497e+06
-4.981466261945366277e+05
-1.952671917818248039e+06
-3.271147734928657766e+06
-4.421653224436766468e+06
-5.376262343806050718e+06
-6.118456162277275696e+06
-6.635305154948056675e+06
-6.918798426415803842e+06
-6.973372923820197582e+06
-6.807858898128423840e+06
-6.437121312862072140e+06
-5.879994832861165516e+06
-5.159702273973596282e+06
-4.300552437130144797e+06
-3.334279999718259089e+06
-2.285399541571173817e+06
-1.184098146838798653e+06
-5.652789493252623652e+04
1.070927035500619328e+06
2.172819466301329900e+06
3.226415318148316815e+06
4.209035711899090558e+06
5.100596103815689683e+06
5.883212007305830717e+06
6.536221446161373518e+06
7.045324297739190981e+06
7.395787265398446470e+06
7.570437930781458504e+06
7.560129682590507902e+06
7.352388850364973769e+06
6.943141569590641186e+06
6.327438219805719331e+06
5.508325681874359958e+06
4.501913159570441581e+06
3.331358734435932245e+06
2.035526038042147877e+06
6.776434766794820316e+05
-6.643410515065131476e+05
-1.891059429812977323e+06
-2.899286715580109973e+06
-3.578475234522155020e+06
-3.848688517831041012e+06
-3.669002671109425835e+06
-3.038571593289156444e+06
-2.021648012172350660e+06
-7.077570020393111045e+05
7.940967770534711890e+05
2.369157591234438121e+06
3.909940262438052334e+06
5.339992917624068446e+06
6.593411920006569475e+06
7.619627315377099440e+06
8.390213366272371262e+06
8.891070514436868951e+06
9.109149891718260944e+06
9.051627403974961489e+06
8.729857939710268751e+06
8.155883163940518163e+06
7.360674726203435101e+06
6.368507566764169373e+06
5.220337734386506490e+06
3.962142385465848725e+06
2.637567833345429040e+06
1.306562727295487188e+06
2.274386955169939756e+04
-1.158882291301699588e+06
-2.187180740735702682e+06
-3.020423680192776024e+06
-3.623204445163500030e+06
-3.977548671951922122e+06
-4.074174198897819500e+06
-3.920967208231210709e+06
-3.531872633641351014e+06
-2.936735134365983307e+06
-2.163343669542470016e+06
-1.250257989704298321e+06
-2.322830734789187554e+05
8.524154346557207173e+05
1.969851762753433315e+06
3.088664335819196422e+06
4.176784498475423083e+06
5.208151801842076704e+06
6.159288024038708769e+06
7.002605123226546682e+06
7.720223868712751195e+06
8.291030226891216822e+06
8.695339197462759912e+06
8.915254164351532236e+06
8.930127896431019530e+06
8.727147432423191145e+06
8.290202423741403036e+06
7.605829138078215532e+06
6.672106652157380246e+06
5.489950501284106635e+06
4.080951330681208521e+06
2.482430724808868021e+06
7.663425643181861378e+05
-9.603308688378264196e+05
-2.564295871615096927e+06
-3.880717585387755185e+06
-4.756931694956495427e+06
-5.090032244028995745e+06
-4.850121538933748379e+06
-4.096762024872762151e+06
-2.958449846449365839e+06
-1.592453368744342122e+06
-1.554329726104509027e+05
1.229289685374771710e+06
2.468079944573291112e+06
3.508937424055003561e+06
4.318218172897528857e+06
4.886436868598332629e+06
5.214402172859420069e+06
5.315867516133666970e+06
5.202445857840820216e+06
4.897305543331545778e+06
4.416469395582938567e+06
3.785359345434435643e+06
3.025345815393975936e+06
2.160703351220620330e+06
1.219501119270553812e+06
2.284723271803823300e+05
-7.855387448584878584e+05
-1.794133192600043258e+06
-2.764759346153035760e+06
-3.670514421545983758e+06
-4.483855557956438512e+06
-5.178316496801785193e+06
-5.729066019227235578e+06
-6.123471021110829897e+06
-6.346843068175106309e+06
-6.395131958124533296e+06
-6.271561249063641764e+06
-5.983769970499389805e+06
-5.548011084256932139e+06
-4.982749670950750820e+06
-4.313826812023025937e+06
-3.565391387826862279e+06
-2.764377553278699983e+06
-1.938163403403130360e+06
-1.113018940069937147e+06
-3.094476573966114665e+05
4.456917696528358501e+05
1.132678380085515557e+06
1.733381610396778211e+06
2.227499396461709868e+06
2.604634255943351425e+06
2.845609052288963925e+06
2.940412615957701579e+06
2.879111156420528889e+06
2.651302441094348207e+06
2.255516001597249880e+06
1.692286871435680427e+06
9.765015783244901104e+05
1.217853343501255149e+05
-8.250313890161084710e+05
-1.802400536923613632e+06
-2.719745063659409061e+06
-3.453772388291461393e+06
-3.848840172727571335e+06
-3.748753708490460180e+06
-3.012821349947332405e+06
-1.560623953988012392e+06
5.862592966680377722e+05
3.295795121768147219e+06
6.361440336430029944e+06
9.527824634906627238e+06
1.256194048919646628e+07
1.526951857145719789e+07
1.752086979861698672e+07
1.923428393458503112e+07
2.037989355527310446e+07
2.095710195308896899e+07
2.099515038252481446e+07
2.053289282324622199e+07
1.961913522514584661e+07
1.831469288597843796e+07
1.668026394405172952e+07
1.478428494835998863e+07
1.269400901524398290e+07
1.048381074882342108e+07
8.222132366100426763e+06
5.983749766308458522e+06
3.843298791101642884e+06
1.864423642058546189e+06
1.075930628913388209e+05
-1.372081244364094455e+06
-2.538202431513236836e+06
-3.359701118258418981e+06
-3.828958015672923997e+06
-3.946636955084844027e+06
-3.731266254640189931e+06
-3.212244179200939834e+06
-2.426086267047258094e+06
-1.420350137904823758e+06
-2.451119969550797250e+05
1.053347696605831385e+06
2.425772134179778863e+06
3.825331216429150663e+06
5.209894868358518928e+06
6.538030478178292513e+06
7.774811608280162327e+06
8.887022929923173040e+06
9.849377222334384918e+06
1.062990857340046763e+07
1.120638802800668404e+07
1.155558503667288832e+07
1.165642341121887788e+07
1.148782106897096895e+07
1.103261960326583497e+07
1.027820652572415769e+07
9.217454744673451409e+06
7.852099040635856800e+06
6.198315693619995378e+06
4.294136199006453156e+06
2.203992897223090753e+06
2.062565633207916471e+04
-2.129642742759382818e+06
-4.098904631090212148e+06
-5.738553371173361316e+06
-6.915487279498414136e+06
-7.550625060273491777e+06
-7.621062242448054254e+06
-7.171700340044718236e+06
-6.296157684069622308e+06
-5.113769603830775246e+06
-3.749847449395808857e+06
-2.319172978453581221e+06
-9.153588185475044884e+05
3.838847881569996243e+05
1.533269450183935463e+06
2.491841120247839484e+06
3.241226136800459120e+06
3.774885968309435062e+06
4.084957510126889683e+06
4.182931657236126717e+06
4.072582706871237606e+06
3.776741916087334510e+06
3.306404964800951071e+06
2.688079421028306242e+06
1.942624293483333429e+06
1.095153403897304786e+06
1.761901909462982730e+05
-7.854299410422644578e+05
-1.755439045254689176e+06
-2.702282443339033052e+06
-3.595865220677550416e+06
-4.403470363690170459e+06
-5.097592780524664558e+06
-5.655679234124003910e+06
-6.057563381660630926e+06
-6.291813373836406507e+06
-6.351964025183678605e+06
-6.240387603937073611e+06
-5.962253384935582988e+06
-5.530457668575144373e+06
-4.964114930425544269e+06
-4.281113897686332464e+06
-3.506929793501643930e+06
-2.666872339808655437e+06
-1.784437998854775913e+06
-8.853487231122995727e+05
5.949826718949755559e+03
8.619438743285586825e+05
1.666795824693837669e+06
2.387857083515978418e+06
3.010940119761106558e+06
3.510696484242571518e+06
3.869401546053150203e+06
4.063519246910574380e+06
4.079277108550615609e+06
3.895520008891183417e+06
3.500674413503906224e+06
2.883358715961582959e+06
2.049013260456905467e+06
1.011816764581218944e+06
-1.852513123530692828e+05
-1.474133457149655093e+06
-2.745129587736798916e+06
-3.854074056485230569e+06
-4.649581642424952239e+06
-4.991260385770439170e+06
-4.809677740402112715e+06
-4.116167275068572257e+06
-3.013284857907642610e+06
-1.647993656446764944e+06
-1.753546680874308804e+05
1.273238993946161121e+06
2.600745666862362530e+06
3.752570540888833813e+06
4.696324283261338249e+06
5.415457258096481673e+06
5.912650634424513206e+06
6.189994848020549864e+06
6.266478088084264658e+06
6.146376922438114882e+06
5.850709506310542114e+06
5.388321969375712797e+06
4.777589686937625520e+06
4.031131457458631601e+06
3.165252495404549409e+06
2.195927054046744015e+06
1.138692204946356360e+06
1.356294489011830228e+04
-1.153684457887606462e+06
-2.345900786559688393e+06
-3.536038452314477414e+06
-4.692754792207540013e+06
-5.786205602672995068e+06
-6.789551474890523590e+06
-7.663058756804973818e+06
-8.381509663152648136e+06
-8.915850589483734220e+06
-9.245158748416384682e+06
-9.356850335529202595e+06
-9.248905706932334229e+06
-8.925691461661128327e+06
-8.406070303971001878e+06
-7.712226789609633386e+06
-6.882050432520204224e+06
-5.947129566262158565e+06
-4.950906155982859433e+06
-3.929990004426256754e+06
-2.918361649534040596e+06
-1.956731053424860118e+06
-1.073246712335612858e+06
-2.936389264570807572e+05
3.591827878249013447e+05
8.670542209454914555e+05
1.216756271442470839e+06
1.399909886488280026e+06
1.413726563357152278e+06
1.256183874553221045e+06
9.393569583476998378e+05
4.792815613003648468e+05
-9.831588383605983108e+04
-7.613404431181993568e+05
-1.455800576697992627e+06
-2.131465425573894288e+06
-2.720235534442810807e+06
-3.160134559796817601e+06
-3.398341253642050549e+06
-3.399957924048935063e+06
-3.151383043241396546e+06
-2.674189782195137814e+06
-2.007500435498693958e+06
-1.207885780156209366e+06
-3.356598231989963097e+05
5.459753638104118872e+05
1.392052212084789062e+06
2.164905921664362773e+06
2.836117135641927365e+06
3.389411191100268159e+06
3.816017361084710807e+06
4.114005604363864288e+06
4.280244346956730820e+06
4.323535884240268730e+06
4.243304751179946586e+06
4.049754608043072280e+06
3.749920669851784129e+06
3.347800454461429268e+06
2.857061368693061173e+06
2.281419131895571016e+06
1.633700174686155980e+06
9.231238398292964557e+05
1.600446013812643650e+05
-6.398250637453412637e+05
-1.464276334524655249e+06
-2.298494152824058197e+06
-3.119662842528146226e+06
-3.909850274321280885e+06
-4.643012803923508152e+06
-5.296019523591729812e+06
-5.842439039294189773e+06
-6.253991581453417428e+06
-6.501671287324958481e+06
-6.565649164597726427e+06
-6.427544599522132427e+06
-6.072701309164891019e+06
-5.502013175233484246e+06
-4.725325087918112054e+06
-3.767905124826215673e+06
-2.662643865810054354e+06
-1.459430779020876158e+06
-2.138255451941148785e+05
1.006809882410700317e+06
2.139009021075690631e+06
3.113679704430219717e+06
3.876701785489068367e+06
4.371193614179476164e+06
4.557253945959282108e+06
4.404541758391413838e+06
3.898162337785696145e+06
3.030704812475682236e+06
1.824339151884337654e+06
3.156696787986436975e+05
-1.437587627997615840e+06
-3.351902251724453643e+06
-5.322261045018991455e+06
-7.238085501313340850e+06
-8.965835710021685809e+06
-1.038735436732414924e+07
-1.140378472860213555e+07
-1.194662094268388674e+07
-1.199775291526749544e+07
-1.157288108163559996e+07
-1.072808457386453450e+07
-9.545606931800108403e+06
-8.114739614068623632e+06
-6.533110607154220343e+06
-4.877076636738902889e+06
-3.221847378644311335e+06
-1.618364327830956550e+06
-1.184254371046884189e+05
1.252170318531692028e+06
2.467950555561027955e+06
3.514136912848403677e+06
4.376010099711661227e+06
5.047846041890628636e+06
5.530646257238638587e+06
5.819168057599536143e+06
5.910005106166692451e+06
5.811318597462355159e+06
5.524792447029897943e+06
5.056634744976678863e+06
4.418593495622067712e+06
3.622583060803525615e+06
2.685262082315978128e+06
1.627357368872704683e+06
4.777843607187336893e+05
-7.358968783481600694e+05
-1.975712715479421197e+06
-3.207142360846784431e+06
-4.388268924907783046e+06
-5.482989661827732809e+06
-6.453905090280889533e+06
-7.274791051532140933e+06
-7.920668833088633604e+06
-8.376036282059953548e+06
-8.641451114557756111e+06
-8.716737220953905955e+06
-8.610276961346101016e+06
-8.345310160082568415e+06
-7.939485818379059434e+06
-7.418916576036894694e+06
-6.810263716426301748e+06
-6.142478742387720384e+06
-5.443379488136457279e+06
-4.740373512687629089e+06
-4.053914423566316720e+06
-3.414769285438847262e+06
-2.838421949397138320e+06
-2.345137915978883393e+06
-1.951081227353906492e+06
-1.665233997443076689e+06
-1.499740203929910669e+06
-1.454540005180445965e+06
-1.523972779898073990e+06
-1.699074984428734984e+06
-1.964718920567600289e+06
-2.298258189442664851e+06
-2.678302192572975066e+06
-3.084422975007497240e+06
-3.488623120250170585e+06
-3.880674159259158652e+06
-4.242617527265262790e+06
-4.571571472987224348e+06
-4.859958843247365206e+06
-5.112299970516021363e+06
-5.328201640014487319e+06
-5.512422062655080110e+06
-5.665727759411217645e+06
-5.791479945740861818e+06
-5.894173165635669604e+06
-5.977441987664620392e+06
-6.041664906970101409e+06
-6.086559791170136072e+06
-6.118271754599427804e+06
-6.131838978413997218e+06
-6.131848992667153478e+06
-6.117261527401859872e+06
-6.086572320672950707e+06
-6.038740853486061096e+06
-5.977842745050281286e+06
-5.898837301807682961e+06
-5.801809360891928896e+06
-5.685678773498630151e+06
-5.551438014676070772e+06
-5.394813354673676193e+06
-5.216607830793866888e+06
-5.014025288783689030e+06
-4.788191261518334970e+06
-4.537240827942455187e+06
-4.260509453432209790e+06
-3.958133767978215590e+06
-3.629368220390301198e+06
-3.276105216533314437e+06
-2.898621738043317106e+06
-2.503241897368411534e+06
-2.090340683581635822e+06
-1.667551472254940309e+06
-1.240049777869261336e+06
-8.155172040065495530e+05
-4.048449681314172922e+05
-1.363479171330482313e+04
3.501743601011055289e+05
6.748955673689843388e+05
9.529324045811661053e+05
1.178275556317692623e+06
1.342825295247864909e+06
1.446519044270707294e+06
1.475387522754285717e+06
1.436204729437145870e+06
1.329803409207234625e+06
1.148583026876692427e+06
9.012053804235467687e+05
5.880484368252450367e+05
2.176283329116851091e+05
-2.072743137023076997e+05
-6.765775884608322522e+05
-1.180667044120519655e+06
-1.704894350643737242e+06
-2.236749012266866863e+06
-2.762060437322150450e+06
-3.266807901289411820e+06
-3.730170691301618703e+06
-4.144176614665638190e+06
-4.495135640630670823e+06
-4.774585340222432278e+06
-4.980715682444903068e+06
-5.113705972492810339e+06
-5.182044230859436095e+06
-5.194285041658402421e+06
-5.165270160367040895e+06
-5.107469543954723515e+06
-5.039351128105990589e+06
-4.971903887722530402e+06
-4.921279358746923506e+06
-4.896934489736651070e+06
-4.910862853044042364e+06
-4.969601456191028468e+06
-5.081070152140974067e+06
-5.249197594184932299e+06
-5.480762935791891068e+06
-5.772996354263343848e+06
-6.130349960146395490e+06
-6.551361180103557184e+06
-7.034550159068751149e+06
-7.571676223884803243e+06
-8.161298616195366718e+06
-8.792539751462431625e+06
-9.446482332360761240e+06
-1.011285329100291803e+07
-1.076761163250302523e+07
-1.137492107784295827e+07
-1.190082884463880584e+07
-1.230542170367935859e+07
-1.253333406220247969e+07
-1.252458808142968267e+07
-1.223147868132144026e+07
-1.159378370101230405e+07
-1.058967409407487139e+07
-9.214117380684822798e+06
-7.497059400258113630e+06
-5.514483678448103368e+06
-3.362114737867462449e+06
-1.174287941299114842e+06
9.377131102324405219e+05
2.856664626920781098e+06
4.502618706176492386e+06
5.821360979220594279e+06
6.787182776830041781e+06
7.388862920022522099e+06
7.646608868838979863e+06
7.576268923893954605e+06
7.222691799315656535e+06
6.614011552496167831e+06
5.800342171742940322e+06
4.817242610916741192e+06
3.711372098271656316e+06
2.527861049274497665e+06
1.305356195063258288e+06
8.554133188060388784e+04
-1.092715748164582765e+06
-2.196706333257433958e+06
-3.193721211426575668e+06
-4.062900236478413455e+06
-4.785975139483842999e+06
-5.345503241097574122e+06
-5.743530380659515969e+06
-5.977193305652902462e+06
-6.055584731756395660e+06
-5.991161439359923825e+06
-5.799457443513744511e+06
-5.502542503496740945e+06
-5.118117438705059700e+06
-4.668679811145896092e+06
-4.176395615266185720e+06
-3.660263889345717151e+06
-3.138889343426275998e+06
-2.628092665819029324e+06
-2.142755478762126993e+06
-1.694719005857904442e+06
-1.294792239592751022e+06
-9.505852483786318917e+05
-6.699031336131518474e+05
-4.586852452957460773e+05
-3.184433097150074900e+05
-2.527338306639072835e+05
-2.610855980482599116e+05
-3.425780163437692099e+05
-4.969873515412220731e+05
-7.131605215879476164e+05
-9.875096935982257128e+05
-1.303958212228338001e+06
-1.650772802400454879e+06
-2.003446228404745925e+06
-2.336099408411864657e+06
-2.617395670766638592e+06
-2.807862643872082699e+06
-2.862544393870806787e+06
-2.733506185866286978e+06
-2.376015610483827069e+06
-1.748319098031561589e+06
-8.189344039397006854e+05
4.223393405853625154e+05
1.960566975090628490e+06
3.760935098834505770e+06
5.755512077308914624e+06
7.862496977538612671e+06
9.988290607616905123e+06
1.203438130514203012e+07
1.391131246393999271e+07
1.554097174579601735e+07
1.686296118546348810e+07
1.782704500403337181e+07
1.841320720571568608e+07
1.860432696551267803e+07
1.840274439158182591e+07
1.782688415781382099e+07
1.689681796078812331e+07
1.564801775080979429e+07
1.412467363079904579e+07
1.237307211542094871e+07
1.044776038371003792e+07
8.406851874366514385e+06
6.313527300213624723e+06
4.228503267342053354e+06
2.212367786200387869e+06
3.214160618068731274e+05
-1.399156281390328193e+06
-2.902939735942202155e+06
-4.162062934810368810e+06
-5.155216062621526420e+06
-5.875027041242544539e+06
-6.324303228363927454e+06
-6.511067221056628041e+06
-6.454389596534586512e+06
-6.177366924015394412e+06
-5.706515757364382967e+06
-5.074335284594290890e+06
-4.313414969002909958e+06
-3.452231696097562090e+06
-2.523202730649995618e+06
-1.554532975397472735e+06
-5.798905030186380027e+05
3.781306495419822750e+05
1.287770399024690734e+06
2.123888774646162055e+06
2.855372383839148097e+06
3.460071518361858558e+06
3.903757547388885636e+06
4.161390911775891669e+06
4.198879404790164903e+06
3.994940933042862918e+06
3.519984639040138572e+06
2.751698956295262557e+06
1.686807633500653086e+06
3.274267827401999384e+05
-1.293148868903693510e+06
-3.107873465410024393e+06
-5.025833718200099654e+06
-6.919714502264693379e+06
-8.661540010176587850e+06
-1.012645558316917345e+07
-1.122441031405268982e+07
-1.192082201962223835e+07
-1.221811132459805347e+07
-1.215290681055101752e+07
-1.179296573800596222e+07
-1.120775434527709149e+07
-1.046546408645923622e+07
-9.623558338579908013e+06
-8.726947275278165936e+06
-7.816188151123514399e+06
-6.927384920298154466e+06
-6.082820841490951367e+06
-5.293101038346652873e+06
-4.573004195453388616e+06
-3.937631224431492854e+06
-3.384595088683774695e+06
-2.927835046322502661e+06
-2.559724702969991602e+06
-2.284275806650810875e+06
-2.099820160323253833e+06
-2.002782184922032524e+06
-1.986805955719780177e+06
-2.044512139765246538e+06
-2.169513081062075216e+06
-2.351322017104220111e+06
-2.578352236244618893e+06
-2.838013213697933126e+06
-3.123243238330295775e+06
-3.421391550168443471e+06
-3.724096929505233187e+06
-4.025365885507302824e+06
-4.317534260991234332e+06
-4.596461657895416953e+06
-4.860358053974655457e+06
-5.109282383757319301e+06
-5.341850258099747822e+06
-5.558880929414573126e+06
-5.761753582599629648e+06
-5.952388089903770015e+06
-6.131250737073543482e+06
-6.302769374193957075e+06
-6.467064900173543021e+06
-6.625401084612752311e+06
-6.781210721370758489e+06
-6.933012975484415889e+06
-7.083862429445814341e+06
-7.234188622258253396e+06
-7.385474644549120218e+06
-7.535045126770584844e+06
-7.683305407972610556e+06
-7.824112951756696217e+06
-7.958096840245066211e+06
-8.078173622248592786e+06
-8.174532982901824638e+06
-8.240910796833462082e+06
-8.257249556392554194e+06
-8.209181518069103360e+06
-8.071880164889685810e+06
-7.818059991674299352e+06
-7.421003374254841357e+06
-6.852599921306726523e+06
-6.099011888051204383e+06
-5.153892829048109241e+06
-4.041942123576771002e+06
-2.808734734690553043e+06
-1.516745384139307076e+06
-2.393902592263922561e+05
9.561306938931152690e+05
2.016474312485995935e+06
2.905724841346832458e+06
3.608729253174399957e+06
4.115628744171108119e+06
4.432949815695342608e+06
4.571302113907103427e+06
4.546897127791361883e+06
4.378903778334984556e+06
4.084053022335009184e+06
3.679102453247739933e+06
3.188120862419947051e+06
2.624639571328967344e+06
2.010480129887907766e+06
1.360653668629708933e+06
6.971633063751709415e+05
3.499830054880401440e+04
-6.001429947592426324e+05
-1.197194546126254369e+06
-1.732872996845008340e+06
-2.189258337674645241e+06
-2.548861783569424879e+06
-2.797999461726831738e+06
-2.922453471937397495e+06
-2.912357690489319619e+06
-2.762553080288372468e+06
-2.473121570231987629e+06
-2.053142464048471767e+06
-1.513596511843952350e+06
-8.741054059935883852e+05
-1.589018162610410072e+05
5.992801097797966795e+05
1.367529385628234129e+06
2.112000740328880027e+06
2.798300383802934550e+06
3.393484700011063367e+06
3.867693886530720163e+06
4.196709479023204185e+06
4.356139063402709551e+06
4.333484876266615465e+06
4.115308294789962471e+06
3.694933454722898081e+06
3.070318104174909182e+06
2.243545454972313717e+06
1.220298168069649488e+06
1.074418837290098418e+04
-1.359575287715161918e+06
-2.873433398304416332e+06
-4.487532709485248663e+06
-6.165699699085786939e+06
-7.841712601847624406e+06
-9.450366272889953107e+06
-1.089724688324141689e+07
-1.208976064788678288e+07
-1.291523463769628480e+07
-1.327410553497898765e+07
-1.306810872423271276e+07
-1.224813156743397936e+07
-1.079768860169625282e+07
-8.768375147234976292e+06
-6.264705259327803738e+06
-3.436118695093804970e+06
-4.499127177952046040e+05
2.518413443861727137e+06
5.321060449826130643e+06
7.825473612502875738e+06
9.947125442623458803e+06
1.162623947084192932e+07
1.283822807607054338e+07
1.357270691575308703e+07
1.384863356909491494e+07
1.369172891462125443e+07
1.314213586924295314e+07
1.224613674733442068e+07
1.105941824817379937e+07
9.636877633151169866e+06
8.042211652121774852e+06
6.333729805013132282e+06
4.572142102824799716e+06
2.816864458613784518e+06
1.116796078003337607e+06
-4.788695793477954576e+05
-1.935341613784840796e+06
-3.216547690992056858e+06
-4.307091748213754967e+06
-5.187746845610680059e+06
-5.858769526582145132e+06
-6.320307067466788925e+06
-6.579885942475613207e+06
-6.648771021752294153e+06
-6.547168685567157343e+06
-6.289294756776528433e+06
-5.898500329178906977e+06
-5.393865419706261717e+06
-4.797842314877978526e+06
-4.128859312348364387e+06
-3.405612501264194027e+06
-2.650359652410577983e+06
-1.878616840434894664e+06
-1.109618345846610842e+06
-3.591379726676297141e+05
3.556988649660112569e+05
1.021079043356698472e+06
1.619083959883112693e+06
2.136010954203386325e+06
2.554369589674400166e+06
2.860228901021479163e+06
3.039101280417728703e+06
3.078055423921459820e+06
2.963134813567472156e+06
2.688481708769962657e+06
2.248902812638374045e+06
1.655075350310407113e+06
9.197764098023811821e+05
8.036192326269068872e+04
-8.056559895491359057e+05
-1.661245583993447945e+06
-2.391707827475789934e+06
-2.885244690372077748e+06
-3.044434326385726687e+06
-2.793437135760990903e+06
-2.116267327158756554e+06
-1.043443974078631029e+06
3.418196532116963062e+05
1.922993747675243067e+06
3.560688064734090120e+06
5.134472537978275679e+06
6.537520390745070763e+06
7.692230202612433583e+06
8.552559322253551334e+06
9.091320522064011544e+06
9.317415900595957413e+06
9.242863489990627393e+06
8.898168653008690104e+06
8.329299609117310494e+06
7.577229629874482751e+06
6.694663597187880427e+06
5.728281317819141783e+06
4.729304332874023356e+06
3.735678309279388282e+06
2.782147020733619574e+06
1.898397452308012871e+06
1.102464594166998984e+06
4.077452315047223237e+05
-1.813587221318528173e+05
-6.628190102657634998e+05
-1.044426316304126056e+06
-1.334665316136198351e+06
-1.542510063404512824e+06
-1.676190579798291670e+06
-1.748494138006157940e+06
-1.770149150697656209e+06
-1.745512637409558753e+06
-1.689604343899735948e+06
-1.605930324767135317e+06
-1.500215886629190994e+06
-1.380597111112711253e+06
-1.250386054301209049e+06
-1.115773976152991410e+06
-9.781773969151119236e+05
-8.440749435700750910e+05
-7.157327769997068681e+05
-5.974420316434219712e+05
-4.938319715211658622e+05
-4.045859015123434947e+05
-3.397079140219868859e+05
-2.992421844184485381e+05
-2.894038870589955477e+05
-3.166982076540853013e+05
-3.820169742232796270e+05
-4.903798356116618379e+05
-6.478525570808612974e+05
-8.515221863936736481e+05
-1.102039860439426731e+06
-1.390001469000459416e+06
-1.702189667109780712e+06
-2.021992123869918985e+06
-2.316897169031829573e+06
-2.555377461606580764e+06
-2.701988507118752226e+06
-2.737037214506905992e+06
-2.647161910875521135e+06
-2.441394096593190916e+06
-2.135483974756794982e+06
-1.767677699039574247e+06
-1.366685754508387996e+06
-9.736366762933627469e+05
-6.181587631848737365e+05
-3.208604961007424863e+05
-9.766615491887929966e+04
3.719169584553517780e+04
8.020976358443259960e+04
3.191384115809159266e+04
-1.063845048617485008e+05
-3.346541814914487768e+05
-6.347813212076242780e+05
-1.000787062516074628e+06
-1.419561459244395606e+06
-1.871708867303167237e+06
-2.344728240827387664e+06
-2.810562436467329040e+06
-3.259467455917322077e+06
-3.664426100097363815e+06
-4.010014066788712516e+06
-4.277150172089260072e+06
-4.455447112825472839e+06
-4.531940030999965034e+06
-4.503344190405502915e+06
-4.370632572621555999e+06
-4.135730150488835294e+06
-3.808717004647151567e+06
-3.404184874701780267e+06
-2.938105871990911197e+06
-2.428458518477637321e+06
-1.895943759250182426e+06
-1.360525739833030151e+06
-8.398237189513897756e+05
-3.536176517898372258e+05
8.141296244639022916e+04
4.521680065397423459e+05
7.425510907796452520e+05
9.424360360556246014e+05
1.044019514475813019e+06
1.035954926931522903e+06
9.138394535494156880e+05
6.713340185253005475e+05
3.074184997372419457e+05
-1.795329090652921295e+05
-7.868317806103857001e+05
-1.506729920803762041e+06
-2.332094786667201668e+06
-3.243079647422517184e+06
-4.214456467198854312e+06
-5.211240589427365921e+06
-6.185442652654196136e+06
-7.068033151954708621e+06
-7.780441225526487455e+06
-8.219038161496114917e+06
-8.264191762838114053e+06
-7.798424108601727523e+06
-6.710606177110468037e+06
-4.931498316524337046e+06
-2.436247829718749039e+06
7.183715900848977035e+05
4.415658448667017743e+06
8.476236127112422138e+06
1.268928774684472755e+07
1.684170044321452081e+07
2.075342707087708637e+07
2.428849466023135558e+07
2.734211113358312845e+07
2.986443600437863916e+07
3.182329798343956098e+07
3.320383707660588622e+07
3.400856493306845427e+07
3.424206160028122365e+07
3.392049598673985898e+07
3.307117105099925399e+07
3.171175021201457828e+07
2.987976114523552731e+07
2.761331063443201780e+07
2.498128705238620192e+07
2.204314926478382573e+07
1.889420934070181847e+07
1.564671588231808320e+07
1.240798417662548460e+07
9.300921122755194083e+06
6.425057317353693768e+06
3.873113960253958590e+06
1.707624053401626181e+06
-3.639258993849313265e+04
-1.352093457423663931e+06
-2.259824628990103491e+06
-2.793866688844934572e+06
-2.999110608107186388e+06
-2.932450354255802929e+06
-2.642085189058402088e+06
-2.182619328235242981e+06
-1.599931187005167361e+06
-9.350987408277920913e+05
-2.270763501038098475e+05
4.949374967432940612e+05
1.203062756175489863e+06
1.872949731290278258e+06
2.481501233737052884e+06
3.015510811583948787e+06
3.455731836557622533e+06
3.789700068993996363e+06
4.005238671153219882e+06
4.091793801270847209e+06
4.037914712080723140e+06
3.837980782555884682e+06
3.485534303489674814e+06
2.978014785078492947e+06
2.316886646387127228e+06
1.508521836021323223e+06
5.686274230174736585e+05
-4.823836316014297190e+05
-1.607839947990199551e+06
-2.761372388891575858e+06
-3.880564028907363769e+06
-4.892248972040063702e+06
-5.721673681137208827e+06
-6.290885527591405436e+06
-6.546240976810938679e+06
-6.459843128958768211e+06
-6.032124368035202846e+06
-5.307230617589306086e+06
-4.358983751564020291e+06
-3.266361197147201747e+06
-2.113215215539726429e+06
-9.858945266141523607e+05
5.067692463550285174e+04
9.518103007759206230e+05
1.681920106241032016e+06
2.220852352985633537e+06
2.569849690711332485e+06
2.720369047654137947e+06
2.688574231088371947e+06
2.485085473330207635e+06
2.130685824534662999e+06
1.647196698073925450e+06
1.059482215779075399e+06
3.949271973027547356e+05
-3.161093849339093431e+05
-1.043275196810623514e+06
-1.755591043503574794e+06
-2.423633133238299284e+06
-3.017463059236325789e+06
-3.517893919369572774e+06
-3.907934368378396146e+06
-4.182747552092013881e+06
-4.339051422558076680e+06
-4.384577051654066890e+06
-4.327442357537194155e+06
-4.185365690491647925e+06
-3.973540464232678525e+06
-3.712663671295789070e+06
-3.417768371812946629e+06
-3.105654089261571877e+06
-2.792707352307170630e+06
-2.491866144364984240e+06
-2.213520421506482642e+06
-1.969526962992479093e+06
-1.766630639759733807e+06
-1.614575797296574805e+06
-1.520809912234241609e+06
-1.489805127551292768e+06
-1.527781442172715440e+06
-1.639167300922558643e+06
-1.827789063661548076e+06
-2.099317758428867441e+06
-2.452723833139831666e+06
-2.891500919239458628e+06
-3.409032670039798133e+06
-4.005215960753789637e+06
-4.665786435990253463e+06
-5.376913811366173439e+06
-6.112029191400709562e+06
-6.838575560375499539e+06
-7.506403119516169652e+06
-8.050618778790782206e+06
-8.400463202758306637e+06
-8.464207097584746778e+06
-8.161654428903532214e+06
-7.417052566174987704e+06
-6.193846268159321509e+06
-4.488479090554288588e+06
-2.359381871888020542e+06
9.904649409925057262e+04
2.755601526462052017e+06
5.467488073873967864e+06
8.093657900839443319e+06
1.051989741254925169e+07
1.263471856346571073e+07
1.437965485032525659e+07
1.569422118872787803e+07
1.654782927832726203e+07
1.693453225740806386e+07
1.685328742352182418e+07
1.632702560323907621e+07
1.539247259108793736e+07
1.410307138194732554e+07
1.252976521944495477e+07
1.076803362110965699e+07
8.922710379613410681e+06
7.114945976619413123e+06
5.470313965873974375e+06
4.101511245548681822e+06
3.101522584610307589e+06
2.513161281954748090e+06
2.342708280060868245e+06
2.541313252168184146e+06
3.039319830610271543e+06
3.738885979585275520e+06
4.550457280230353586e+06
5.388675455941052176e+06
6.186243418487728573e+06
6.892602747226052918e+06
7.475176096829395741e+06
7.914461126442323439e+06
8.199174692386128940e+06
8.324343188440800644e+06
8.296180200823129155e+06
8.118861088198160753e+06
7.799596369731134735e+06
7.349807966310027987e+06
6.779062177476128563e+06
6.100195813274778426e+06
5.322239056437967345e+06
4.458399867083813995e+06
3.524821045926744584e+06
2.535053264341555070e+06
1.510548077712536789e+06
4.674656653261243482e+05
-5.661908343994172756e+05
-1.564780426140334923e+06
-2.493462903540084604e+06
-3.318674290792410728e+06
-3.994980420189967379e+06
-4.480598315136090852e+06
-4.724992817952996120e+06
-4.689044491477671079e+06
-4.332733703341042623e+06
-3.623336035978022963e+06
-2.556810623452873435e+06
-1.135934681568628876e+06
6.026164807023142930e+05
2.603822059542476200e+06
4.788687610300246626e+06
7.063215480606357567e+06
9.327013538544500247e+06
1.148046348506068997e+07
1.342791753160245344e+07
1.508333155652470514e+07
1.637959682961772382e+07
1.726565644218124822e+07
1.770493262162569538e+07
1.768067086352135241e+07
1.719368799973446503e+07
1.626163302074743807e+07
1.492178445790097676e+07
1.322771601454590447e+07
1.125407586088885181e+07
9.087146284907519817e+06
6.828926861352106556e+06
4.583590288006373681e+06
2.461262804413902573e+06
5.613352438474374358e+05
-1.032106712722639786e+06
-2.267640104370085057e+06
-3.112503729842529166e+06
-3.569533364496824797e+06
-3.659875986858494580e+06
-3.429541231136247981e+06
-2.928050376093218569e+06
-2.218061465850546025e+06
-1.357258683637147769e+06
-4.037803366508051986e+05
5.952589581180209061e+05
1.593369658044565702e+06
2.555894387614880223e+06
3.449934043450240046e+06
4.250101640600631945e+06
4.938645734727433883e+06
5.494940390434553847e+06
5.903783088665214367e+06
6.155617946009459905e+06
6.238644524156296626e+06
6.144986981987540610e+06
5.869373478426227346e+06
5.406089882759875618e+06
4.752420589415630326e+06
3.911839293640269898e+06
2.887432490597711876e+06
1.691755986937587848e+06
3.427385845863557770e+05
-1.133088838330774102e+06
-2.698987969353764784e+06
-4.303147945071188733e+06
-5.884399964226307347e+06
-7.374281166534895077e+06
-8.685682481391087174e+06
-9.743815947437459603e+06
-1.046988382706750557e+07
-1.080269566150606982e+07
-1.070906794215038978e+07
-1.017861892214289866e+07
-9.234271824929269031e+06
-7.927698044473526068e+06
-6.323007429592357017e+06
-4.510270801382666454e+06
-2.575865465088371187e+06
-6.117880997435901081e+05
1.295698515682935715e+06
3.074450878564767074e+06
4.650816711735746823e+06
5.973976497950815596e+06
6.979361287722201087e+06
7.643263632291533053e+06
7.926589269878594205e+06
7.824460548817235045e+06
7.330281331355291419e+06
6.478807572781102732e+06
5.320945351018300280e+06
3.945869863939545117e+06
2.478159620806700550e+06
1.058196227992851753e+06
-1.630683942124461173e+05
-1.059484879537446424e+06
-1.560842975263220724e+06
-1.651686685643824749e+06
-1.391486596637035022e+06
-8.698598058238945669e+05
-1.887904461554613372e+05
5.559098453425915213e+05
1.288853532533897320e+06
1.954029410816574004e+06
2.518671984774023294e+06
2.960509723090223968e+06
3.271361686922137626e+06
3.451506130310994573e+06
3.506394554040309042e+06
3.445215507517397404e+06
3.274038067976594437e+06
3.008355882422022056e+06
2.658372047857930884e+06
2.235749057223904412e+06
1.755586463786143577e+06
1.230199515593497315e+06
6.724159634702840121e+05
9.891438039604150981e+04
-4.770621393068860052e+05
-1.038493678669763030e+06
-1.568762276410516584e+06
-2.053952650524068857e+06
-2.472444574137263466e+06
-2.812280807570745703e+06
-3.053907449656738434e+06
-3.183819069097512402e+06
-3.191866946218263358e+06
-3.068941505530027207e+06
-2.812555267088064924e+06
-2.425271980809762143e+06
-1.914159421023490839e+06
-1.296694982450905954e+06
-5.888936196382957278e+05
1.813692903959996183e+05
9.887470080267598387e+05
1.802620026075091911e+06
2.591590936863231473e+06
3.328840958367771003e+06
3.985900768360124901e+06
4.541359028789837845e+06
4.974282092941509560e+06
5.266266903838956729e+06
5.405681726039133966e+06
5.381408296598768793e+06
5.189513769482337870e+06
4.823447043402844109e+06
4.287990046612083912e+06
3.586776729801458307e+06
2.738051904343582690e+06
1.761246232685761293e+06
6.885021413557315245e+05
-4.301808097109162482e+05
-1.541969143499953439e+06
-2.579247353066927753e+06
-3.471621388485558331e+06
-4.155248205356444698e+06
-4.576362167494984344e+06
-4.698949289149990305e+06
-4.520973356240818277e+06
-4.061155775425677188e+06
-3.363543149600900244e+06
-2.494717959549432155e+06
-1.519860766087119700e+06
-5.010626458537484868e+05
4.986058670083219185e+05
1.433736554193958873e+06
2.268179671635339502e+06
2.974667525152083952e+06
3.533791037238709629e+06
3.940594793747452088e+06
4.187567740745201707e+06
4.276143257152143866e+06
4.212566308727269061e+06
3.998225705590218771e+06
3.648096043406825978e+06
3.168825770228118170e+06
2.576107449660089798e+06
1.880166982236287324e+06
1.097774831705424935e+06
2.461200756817301444e+05
-6.567378461155797122e+05
-1.589167514734699391e+06
-2.530539008396103512e+06
-3.453417910740126390e+06
-4.331102192753613926e+06
-5.134137595243774354e+06
-5.829148412845755927e+06
-6.385944008116186596e+06
-6.774498382651300170e+06
-6.960896018853598274e+06
-6.919895661321392283e+06
-6.631516223912169226e+06
-6.082717376870113425e+06
-5.270321239188563079e+06
-4.207368784067705274e+06
-2.916531782005591784e+06
-1.434243921630006051e+06
1.943785664888134052e+05
1.908405584974123864e+06
3.649883177560715936e+06
5.357616024346784689e+06
6.967634690266598016e+06
8.420306875875839964e+06
9.653136090880785137e+06
1.061179757047368586e+07
1.123803419615102559e+07
1.149401884821110778e+07
1.135280583229606599e+07
1.078399359943603538e+07
9.792607202506305650e+06
8.388742050744254142e+06
6.610877621338057332e+06
4.529848109114812687e+06
2.243150085301123559e+06
-1.141570812126826786e+05
-2.387850252028581686e+06
-4.410973545348568819e+06
-6.042526731739114039e+06
-7.170678983241740614e+06
-7.745408553499731235e+06
-7.792654497667887248e+06
-7.387718078961415216e+06
-6.644069364093040116e+06
-5.680430110185625032e+06
-4.607492941483864561e+06
-3.517088407774953172e+06
-2.475190113597559277e+06
-1.527554069790799636e+06
-7.085382610757600050e+05
-2.380843030922283651e+04
5.125943334074104205e+05
9.083780348007855937e+05
1.160291022045541555e+06
1.278956350721833529e+06
1.277235172210159479e+06
1.163411558013996342e+06
9.495449892958760029e+05
6.499567564128433587e+05
2.807979775845109252e+05
-1.471524166828612215e+05
-6.174057001336443936e+05
-1.110689420731293969e+06
-1.608329342643945012e+06
-2.096004757552389055e+06
-2.551309994230687153e+06
-2.960324900637514424e+06
-3.302029127393540461e+06
-3.560794792639657389e+06
-3.724526092116480228e+06
-3.780892345685860142e+06
-3.719959566818640102e+06
-3.539187013197364751e+06
-3.235907889808825683e+06
-2.810384528080726508e+06
-2.271593048361272551e+06
-1.630008990779199637e+06
-8.957478375046462752e+05
-8.578602070898610691e+04
7.781680170762935886e+05
1.681362162741846172e+06
2.599060665517542046e+06
3.510937574769696221e+06
4.393859727484634146e+06
5.222518967795935459e+06
5.976621907203723677e+06
6.632706785126503557e+06
7.167511737960711122e+06
7.562842170687210746e+06
7.795363141325886361e+06
7.851422041924564168e+06
7.714707752398005687e+06
7.381004973094369285e+06
6.850285088892553933e+06
6.131744996710012667e+06
5.254298818951270543e+06
4.257432167965059169e+06
3.199149807349500712e+06
2.148452208676779177e+06
1.174576301522906637e+06
3.499946868173460825e+05
-2.878597868147817790e+05
-7.175161592452155892e+05
-9.531201500311717391e+05
-1.026321288753030938e+06
-9.823644902955398429e+05
-8.670614767737693619e+05
-7.274253644681235310e+05
-5.946649048700304702e+05
-4.944448767156993854e+05
-4.403463213029882172e+05
-4.401603902060341206e+05
-4.985027331577694858e+05
-6.108609418769250624e+05
-7.730809894837507745e+05
-9.767645351799255004e+05
-1.215101027524970472e+06
-1.475404159998920280e+06
-1.750696073457718594e+06
-2.027673333449397935e+06
-2.294744225946001709e+06
-2.543424184415956028e+06
-2.759032871698057279e+06
-2.930279878609319683e+06
-3.048471284795982763e+06
-3.097219833923507016e+06
-3.071143447774085682e+06
-2.958200137156277895e+06
-2.750592911600627471e+06
-2.442870489640802611e+06
-2.030012813576539047e+06
-1.512163920859005069e+06
-8.931784908358993707e+05
-1.806006188070784847e+05
6.139184590691695921e+05
1.475830614441260695e+06
2.381121403548281640e+06
3.308896212281009182e+06
4.232494860008966178e+06
5.121741458854093216e+06
5.947170358670726418e+06
6.680109870448158123e+06
7.291449401344262064e+06
7.752908520730181597e+06
8.036394636234571226e+06
8.126617543806624599e+06
7.999722371791637503e+06
7.640178045703910291e+06
7.032231909915330820e+06
6.163296450544987805e+06
5.033594769373507239e+06
3.643512751793206669e+06
2.006052088154161116e+06
1.420675624058324611e+05
-1.899660202098009409e+06
-4.062035763420890085e+06
-6.245635440758629702e+06
-8.335318806094567291e+06
-1.017687427649113722e+07
-1.160865979558331147e+07
-1.247211511218513548e+07
-1.264507780051676184e+07
-1.205408082042618468e+07
-1.071212545929455012e+07
-8.734606257084060460e+06
-6.269409064829198644e+06
-3.537931271141645499e+06
-7.416432089795346837e+05
1.930367872116342187e+06
4.322287072983883321e+06
6.339725561396543868e+06
7.910702877281742170e+06
9.016200428347736597e+06
9.652803313225345686e+06
9.850148982303474098e+06
9.641006078203758225e+06
9.084499650841588154e+06
8.232008989443232305e+06
7.151919223510117270e+06
5.901754326293710619e+06
4.549769832235187292e+06
3.147876886635945179e+06
1.750219231067494256e+06
4.033480605803284561e+05
-8.616526680463883094e+05
-2.011355428838842083e+06
-3.023595218887179159e+06
-3.888618910604552832e+06
-4.600201143314367160e+06
-5.155348298754465766e+06
-5.558963927036664449e+06
-5.817984985865294002e+06
-5.941440260865531862e+06
-5.943691127268804237e+06
-5.836369045221088454e+06
-5.630376356868538074e+06
-5.341208528002144769e+06
-4.981231691452737898e+06
-4.561223305176819675e+06
-4.095017588932228275e+06
-3.593771401260706130e+06
-3.069770495009975042e+06
-2.526634493831571657e+06
-1.982031364331585821e+06
-1.440025542155515635e+06
-9.135880830380532425e+05
-4.091685792760594049e+05
6.230448757427577948e+04
4.920179537312536850e+05
8.700804389582062140e+05
1.185904666327942628e+06
1.428981172017712379e+06
1.590742269663880114e+06
1.656441760976770427e+06
1.620838871605138294e+06
1.472526922631912632e+06
1.211621860758966533e+06
8.351648922145756660e+05
3.534839487972114002e+05
-2.127261718021087581e+05
-8.326138372721193591e+05
-1.468489604107485618e+06
-2.077797295920310076e+06
-2.622766718080122024e+06
-3.073367183861128520e+06
-3.414051277821885888e+06
-3.642589698477007914e+06
-3.768793311727173626e+06
-3.810547211169424467e+06
-3.795488570045626722e+06
-3.740811364001187030e+06
-3.669072369594220072e+06
-3.596133575298430864e+06
-3.539426989220275078e+06
-3.511193278782862704e+06
-3.517816233014638536e+06
-3.563725694929061923e+06
-3.653989054089875892e+06
-3.790782071345290635e+06
-3.972158491383048240e+06
-4.188893811811086256e+06
-4.437857519062461331e+06
-4.714703262694468722e+06
-5.005024232962868176e+06
-5.294823884510359727e+06
-5.577424448880026117e+06
-5.837606186069097370e+06
-6.060131075398399495e+06
-6.233076961627359502e+06
-6.340501360792367719e+06
-6.374639890607870184e+06
-6.329558482345026918e+06
-6.198000253395032138e+06
-5.978189499443619512e+06
-5.672250535894630477e+06
-5.287746228675181977e+06
-4.830018252784145996e+06
-4.310937045733916573e+06
-3.739923140046976041e+06
-3.134738786493138876e+06
-2.505258891540367622e+06
