Material ID: Si_MTP_10_1000_eq_2000_offset_2000_ranfor_10000
Unit cell composition: Si8
Material:  Si
Site positions of initial unit cell:
 Si         
 0.00000    
 0.00000    
 0.00000    
Properties:
 Time        Epot        Ekin        Etot        Temp     MSD         Self_diff   LC_a      LC_b      LC_c      Volume      Pressure    DebyeT   Lindemann 
 fs          eV/atom     eV/atom     eV/atom     K        Å^2         mm^2/s      Å         Å         Å         Å^3/atom    GPa        K        1          
 100         -0.63118    793960914622480.8 793960914622480.0 6.142357965888494e+18 0.26106     0.00435     3.84      3.84      3.84      40.048    0.0         19124378467.13 0.06652    
 200         -0.63118    652349425394136.5 652349425394135.9 5.046802198717452e+18 0.23357     0.00195     3.84      3.84      3.84      40.048    0.0         18326954368.76 0.06292    
 300         -0.63118    535995871888301.5 535995871888300.9 4.146650613074446e+18 0.34101     0.00189     3.84      3.84      3.84      40.048    0.0         13748639825.81 0.07603    
 400         -0.63118    440395228995405.44 440395228995404.75 3.407050766781691e+18 0.27353     0.00114     3.84      3.84      3.84      40.048    0.0         13915015061.07 0.06809    
 500         -0.63118    361845992449380.25 361845992449379.6 2.7993665345643535e+18 0.24446     0.00081     3.84      3.84      3.84      40.048    0.0         13341843774.63 0.06437    
 600         -0.63118    297306857565195.94 297306857565195.3 2.3000693248825446e+18 0.27803     0.00077     3.84      3.84      3.84      40.048    0.0         11340202018.4 0.06865    
 700         -0.63118    244278974235958.7 244278974235958.06 1.8898271636088748e+18 0.21122     0.0005      3.84      3.84      3.84      40.048    0.0         11793314809.2 0.05984    
 800         -0.63118    200709184975986.03 200709184975985.4 1.5527561098526244e+18 0.22819     0.00048     3.84      3.84      3.84      40.048    0.0         10284859023.4 0.06219    
 900         -0.63118    164910537918326.97 164910537918326.34 1.2758053168438815e+18 0.30867     0.00057     3.84      3.84      3.84      40.048    0.0         8015696904.33 0.07234    
 1000        -0.63118    135496965381990.31 135496965381989.7 1.0482516825951324e+18 0.22447     0.00037     3.84      3.84      3.84      40.048    0.0         8520116182.61 0.06169    
 1100        -0.63118    111329621176057.94 111329621176057.3 8.61284696609101e+17 0.22832     0.00035     3.84      3.84      3.84      40.048    0.0         7657699112.28 0.06221    
 1200        -0.63118    91472783357034.83 91472783357034.2 7.076652882619953e+17 0.23477     0.00033     3.84      3.84      3.84      40.048    0.0         6845147990.02 0.06309    
 1300        -0.63118    75157626097324.52 75157626097323.89 5.81445553369182e+17 0.28058     0.00036     3.84      3.84      3.84      40.048    0.0         5675681108.94 0.06897    
 1400        -0.63118    61752453067842.89 61752453067842.25 4.777384692731072e+17 0.24858     0.0003      3.84      3.84      3.84      40.048    0.0         5465880820.46 0.06491    
 1500        -0.63118    50738237186663.61 50738237186662.98 3.9252866182566445e+17 0.217       0.00024     3.84      3.84      3.84      40.048    0.0         5302708966.12 0.06065    
 1600        -0.63118    41688525692150.984 41688525692150.35 3.225169440401069e+17 0.23958     0.00025     3.84      3.84      3.84      40.048    0.0         4574489917.72 0.06373    
 1700        -0.63118    34252927671182.227 34252927671181.594 2.6499256986236954e+17 0.29993     0.00029     3.84      3.84      3.84      40.048    0.0         3705982052.3 0.0713     
 1800        -0.63118    28143548519828.95 28143548519828.316 2.1772828643754746e+17 0.30117     0.00028     3.84      3.84      3.84      40.048    0.0         3352324795.51 0.07145    
 1900        -0.63118    23123843242473.312 23123843242472.68 1.7889409935235757e+17 0.24092     0.00021     3.84      3.84      3.84      40.048    0.0         3397461504.81 0.06391    
 2000        -0.63118    18999456512277.0 18999456512276.367 1.4698640815489872e+17 0.23493     0.0002      3.84      3.84      3.84      40.048    0.0         3118644893.56 0.06311    
 2100        -0.63118    15610698210532.664 15610698210532.031 1.2076979450825923e+17 0.23172     0.00018     3.84      3.84      3.84      40.048    0.0         2846359092.22 0.06267    
 2200        -0.63118    12826361919769.46 12826361919768.83 9.92291999017681e+16 0.29624     0.00022     3.84      3.84      3.84      40.048    0.0         2281873186.42 0.07086    
 2300        -0.63118    10538642074504.97 10538642074504.34 8.153060296017546e+16 0.26345     0.00019     3.84      3.84      3.84      40.048    0.0         2193326379.81 0.06683    
 2400        -0.63118    8658961661261.856 8658961661261.225 6.698874107885318e+16 0.30078     0.00021     3.84      3.84      3.84      40.048    0.0         1860683871.19 0.0714     
 2500        -0.63118    7114542555217.212 7114542555216.581 5.504057735445327e+16 0.2695      0.00018     3.84      3.84      3.84      40.048    0.0         1781794059.8 0.06759    
 2600        -0.63118    5845587315698.79 5845587315698.159 4.522349797401795e+16 0.27419     0.00018     3.84      3.84      3.84      40.048    0.0         1601209907.32 0.06818    
 2700        -0.63118    4802963801577.274 4802963801576.644 3.715739959380732e+16 0.37857     0.00023     3.84      3.84      3.84      40.048    0.0         1235220720.75 0.08011    
 2800        -0.63118    3946303346070.272 3946303346069.64 3.052997615767119e+16 0.2698      0.00016     3.84      3.84      3.84      40.048    0.0         1326279525.64 0.06763    
 2900        -0.63118    3242437576091.321 3242437576090.6895 2.5084625587483276e+16 0.18526     0.00011     3.84      3.84      3.84      40.048    0.0         1450782590.81 0.05604    
 3000        -0.63118    2664113876296.038 2664113876295.4067 2.061051216593188e+16 0.23016     0.00013     3.84      3.84      3.84      40.048    0.0         1179841436.37 0.06246    
 3100        -0.63118    2188940503069.771 2188940503069.14 1.6934405571185626e+16 0.19502     0.0001      3.84      3.84      3.84      40.048    0.0         1161817176.05 0.0575     
 3200        -0.63118    1798519369413.3499 1798519369412.7188 1.391397179894382e+16 0.24019     0.00013     3.84      3.84      3.84      40.048    0.0         948950675.36 0.06381    
 3300        -0.63118    1477734109574.84 1477734109574.209 1.1432265382645516e+16 0.28557     0.00014     3.84      3.84      3.84      40.048    0.0         788862295.67 0.06958    
 3400        -0.63118    1214164325843.2405 1214164325842.6094 9393197802799868.0 0.19572     0.0001      3.84      3.84      3.84      40.048    0.0         863742794.07 0.0576     
 3500        -0.63118    997605014701.0884 997605014700.4569 7717819600443634.0 0.20113     0.0001      3.84      3.84      3.84      40.048    0.0         772337954.87 0.05839    
 3600        -0.63118    819671418345.6682 819671418345.037 6341263370981661.0 0.31348     0.00015     3.84      3.84      3.84      40.048    0.0         560762896.67 0.0729     
 3700        -0.63118    673474151240.0105 673474151239.3793 5210230430116365.0 0.21519     0.0001      3.84      3.84      3.84      40.048    0.0         613496403.57 0.0604     
 3800        -0.63118    553352742963.1776 553352742962.5464 4280929408599736.5 0.34282     0.00015     3.84      3.84      3.84      40.048    0.0         440582853.64 0.07623    
 3900        -0.63118    454656337080.45605 454656337079.82495 3517379662367513.5 0.26982     0.00012     3.84      3.84      3.84      40.048    0.0         450157859.54 0.06763    
 4000        -0.63118    373563465673.13855 373563465672.5074 2890016985575861.0 0.20886     9e-05       3.84      3.84      3.84      40.048    0.0         463786196.93 0.0595     
 4100        -0.63118    306934400311.56854 306934400310.9374 2374551346341034.5 0.20422     8e-05       3.84      3.84      3.84      40.048    0.0         425145972.51 0.05884    
 4200        -0.63118    252189344001.59473 252189344000.96353 1951024537243043.2 0.28339     0.00011     3.84      3.84      3.84      40.048    0.0         327141061.49 0.06931    
 4300        -0.63118    207208651948.88705 207208651948.25583 1603038248431209.5 0.21777     8e-05       3.84      3.84      3.84      40.048    0.0         338275692.35 0.06076    
 4400        -0.63118    170250761317.09506 170250761316.46387 1317119143669531.0 0.29865     0.00011     3.84      3.84      3.84      40.048    0.0         261833174.87 0.07115    
 4500        -0.63118    139884708777.6939 139884708777.0627 1082196792615679.6 0.37347     0.00014     3.84      3.84      3.84      40.048    0.0         212237153.01 0.07957    
 4600        -0.63118    114934749227.98204 114934749227.35086 889175221948517.0 0.20323     7e-05       3.84      3.84      3.84      40.048    0.0         260792969.86 0.05869    
 4700        -0.63118    94434884301.03935 94434884300.40817 730581132095218.9 0.2557      9e-05       3.84      3.84      3.84      40.048    0.0         210746273.76 0.06584    
 4800        -0.63118    77591408544.7763 77591408544.14513 600274141436962.6 0.25601     9e-05       3.84      3.84      3.84      40.048    0.0         190913335.57 0.06588    
 4900        -0.63118    63752158067.77232 63752158067.14113 493208883130424.0 0.25405     9e-05       3.84      3.84      3.84      40.048    0.0         173719859.16 0.06562    
 5000        -0.63118    52381261508.57919 52381261507.94801 405239669818627.6 0.22774     8e-05       3.84      3.84      3.84      40.048    0.0         166313967.74 0.06213    
 5100        -0.63118    43038504419.17428 43038504418.5431 332960849319316.2 0.26929     9e-05       3.84      3.84      3.84      40.048    0.0         138638500.32 0.06756    
 5200        -0.63118    35362117039.75612 35362117039.12493 273573644860221.53 0.26141     8e-05       3.84      3.84      3.84      40.048    0.0         127547981.95 0.06657    
 5300        -0.63118    29054909663.7521 29054909663.12091 224778893437313.1 0.27196     9e-05       3.84      3.84      3.84      40.048    0.0         113348914.58 0.0679     
 5400        -0.63118    23872646316.25945 23872646315.62826 184687100544789.1 0.2047      6e-05       3.84      3.84      3.84      40.048    0.0         118428475.5 0.05891    
 5500        -0.63118    19614706734.85815 19614706734.22697 151746198008638.44 0.27342     8e-05       3.84      3.84      3.84      40.048    0.0         92882701.8 0.06808    
 5600        -0.63118    16116216116.38367 16116216115.75249 124680656968509.72 0.37005     0.00011     3.84      3.84      3.84      40.048    0.0         72370912.92 0.0792     
 5700        -0.63118    13241709787.22682 13241709786.59563 102442475562201.02 0.28775     8e-05       3.84      3.84      3.84      40.048    0.0         74392406.48 0.06984    
 5800        -0.63118    10879905958.78309 10879905958.1519 84170739142524.5 0.24549     7e-05       3.84      3.84      3.84      40.048    0.0         73006069.21 0.06451    
 5900        -0.63118    8939359146.70608 8939359146.07489 69157993615865.48 0.37814     0.00011     3.84      3.84      3.84      40.048    0.0         53319621.69 0.08006    
 6000        -0.63118    7344931614.94745 7344931614.31627 56822947305196.34 0.2487      7e-05       3.84      3.84      3.84      40.048    0.0         59595687.41 0.06493    
 6100        -0.63118    6034887536.44996 6034887535.81877 46687990365848.42 0.20483     6e-05       3.84      3.84      3.84      40.048    0.0         59525073.44 0.05893    
 6200        -0.63118    4958500999.28536 4958500998.65417 38360689488484.92 0.23022     6e-05       3.84      3.84      3.84      40.048    0.0         50894290.45 0.06247    
 6300        -0.63118    4074098920.63899 4074098920.00781 31518647200540.76 0.26919     7e-05       3.84      3.84      3.84      40.048    0.0         42662759.7 0.06755    
 6400        -0.63118    3347436441.1058 3347436440.47461 25896933351068.32 0.23391     6e-05       3.84      3.84      3.84      40.048    0.0         41485689.71 0.06297    
 6500        -0.63118    2750392691.61395 2750392690.98276 21277995109733.16 0.19475     5e-05       3.84      3.84      3.84      40.048    0.0         41211473.46 0.05746    
 6600        -0.63118    2259826545.4979 2259826544.86672 17482804666606.8 0.23207     6e-05       3.84      3.84      3.84      40.048    0.0         34220778.03 0.06272    
 6700        -0.63118    1856763325.76929 1856763325.13811 14364567316555.55 0.28134     7e-05       3.84      3.84      3.84      40.048    0.0         28172261.72 0.06906    
 6800        -0.63118    1525588989.93916 1525588989.30798 11802487392569.28 0.22542     6e-05       3.84      3.84      3.84      40.048    0.0         28528665.33 0.06182    
 6900        -0.63118    1253484121.60986 1253484120.97868 9697389427722.69 0.19016     5e-05       3.84      3.84      3.84      40.048    0.0         28155502.89 0.05678    
 7000        -0.63118    1029912349.44353 1029912348.81235 7967760386264.58 0.2759      7e-05       3.84      3.84      3.84      40.048    0.0         21187690.58 0.06839    
 7100        -0.63118    846215669.13574 846215668.50456 6546618933561.79 0.20606     5e-05       3.84      3.84      3.84      40.048    0.0         22223229.77 0.0591     
 7200        -0.63118    695285373.48339 695285372.85221 5378969636574.77 0.17616     4e-05       3.84      3.84      3.84      40.048    0.0         21786552.9 0.05465    
 7300        -0.63118    571273123.0868 571273122.45562 4419567706249.99 0.22653     5e-05       3.84      3.84      3.84      40.048    0.0         17414915.38 0.06197    
 7400        -0.63118    469380853.04072 469380852.40953 3631293642560.57 0.28028     6e-05       3.84      3.84      3.84      40.048    0.0         14191558.96 0.06893    
 7500        -0.63118    385661061.70154 385661061.07036 2983608198902.16 0.27201     6e-05       3.84      3.84      3.84      40.048    0.0         13057941.32 0.0679     
 7600        -0.63118    316874200.46582 316874199.83464 2451449099785.05 0.23693     5e-05       3.84      3.84      3.84      40.048    0.0         12682271.17 0.06337    
 7700        -0.63118    260356377.58616 260356376.95498 2014207551509.83 0.27381     6e-05       3.84      3.84      3.84      40.048    0.0         10693593.62 0.06813    
 7800        -0.63118    213919683.42914 213919682.79795 1654957123671.61 0.22691     5e-05       3.84      3.84      3.84      40.048    0.0         10647755.79 0.06202    
 7900        -0.63118    175764956.47884 175764955.84765 1359778876602.74 0.3318      7e-05       3.84      3.84      3.84      40.048    0.0         7981541.4 0.075      
 8000        -0.63118    144416150.20531 144416149.57413 1117253600623.82 0.17994     4e-05       3.84      3.84      3.84      40.048    0.0         9824280.17 0.05523    

Time averages:
             Epot        Ekin        Etot        Temp     MSD         Self_diff   Pressure    Spec_heat   DebyeT   Lindemann  
             eV/atom     eV/atom     eV/atom     K        Å^2         mm^2/s      GPa         J/(K*Kg)    K        1          
             -0.63118    55642893338738.734 55642893338738.1 4.3047278883595603e+17 0.25539     0.00022     0.0         -124.90276  2579201350.4 0.06554    