Material ID: Al_MTP_06_10_eq_2000_ranfor_10000
Unit cell composition: Al32
Material:  Al
Site positions of initial unit cell:
 Al          Al          Al          Al         
 0.00000     0.00000     2.02395     2.02395    
 0.00000     2.02395     0.00000     2.02395    
 0.00000     2.02395     2.02395     0.00000    
Properties:
 Time        Epot        Ekin        Etot        Temp     MSD         Self_diff   LC_a      LC_b      LC_c      Volume      Pressure    DebyeT   Lindemann 
 fs          eV/atom     eV/atom     eV/atom     K        Å^2         mm^2/s      Å         Å         Å         Å^3/atom    GPa        K        1          
 100         -3.71775    0.04202     -3.67573    325.06   0.0         0.0         4.048     4.048     4.048     16.582    0.0         inf      0.0        
 200         -3.7001     0.0429      -3.65719    331.89   0.01971     0.00016     4.048     4.048     4.048     16.582    0.0         522.05   0.02452    
 300         -3.69968    0.04845     -3.65123    374.86   0.025       0.00014     4.048     4.048     4.048     16.582    0.0         492.54   0.02762    
 400         -3.69417    0.04053     -3.65364    313.53   0.02244     9e-05       4.048     4.048     4.048     16.582    0.0         475.48   0.02617    
 500         -3.70372    0.03137     -3.67235    242.69   0.01808     6e-05       4.048     4.048     4.048     16.582    0.0         466.0    0.02349    
 600         -3.6971     0.03304     -3.66406    255.62   0.01981     6e-05       4.048     4.048     4.048     16.582    0.0         456.95   0.02459    
 700         -3.70522    0.02504     -3.68017    193.75   0.01759     4e-05       4.048     4.048     4.048     16.582    0.0         422.2    0.02317    
 800         -3.69846    0.03351     -3.66495    259.23   0.01922     4e-05       4.048     4.048     4.048     16.582    0.0         467.19   0.02422    
 900         -3.70497    0.03999     -3.66498    309.35   0.01721     3e-05       4.048     4.048     4.048     16.582    0.0         539.31   0.02292    
 1000        -3.70215    0.03469     -3.66747    268.34   0.01635     3e-05       4.048     4.048     4.048     16.582    0.0         515.27   0.02234    
 1100        -3.69802    0.03782     -3.6602     292.56   0.02184     3e-05       4.048     4.048     4.048     16.582    0.0         465.61   0.02581    
 1200        -3.69324    0.03433     -3.65891    265.61   0.02193     3e-05       4.048     4.048     4.048     16.582    0.0         442.7    0.02587    
 1300        -3.69999    0.03828     -3.6617     296.18   0.01942     2e-05       4.048     4.048     4.048     16.582    0.0         496.74   0.02434    
 1400        -3.69706    0.02597     -3.6711     200.9    0.01958     2e-05       4.048     4.048     4.048     16.582    0.0         407.46   0.02444    
 1500        -3.69528    0.03085     -3.66443    238.65   0.02487     3e-05       4.048     4.048     4.048     16.582    0.0         394.03   0.02755    
 1600        -3.69163    0.03204     -3.65959    247.85   0.02556     3e-05       4.048     4.048     4.048     16.582    0.0         396.1    0.02793    
 1700        -3.69201    0.03804     -3.65397    294.28   0.02509     2e-05       4.048     4.048     4.048     16.582    0.0         435.64   0.02767    
 1800        -3.69647    0.02809     -3.66837    217.35   0.02211     2e-05       4.048     4.048     4.048     16.582    0.0         398.87   0.02597    
 1900        -3.69884    0.04336     -3.65549    335.44   0.01837     2e-05       4.048     4.048     4.048     16.582    0.0         543.61   0.02367    
 2000        -3.69073    0.036       -3.65474    278.48   0.02608     2e-05       4.048     4.048     4.048     16.582    0.0         415.68   0.02821    
 2100        -3.70194    0.04787     -3.65406    370.37   0.02227     2e-05       4.048     4.048     4.048     16.582    0.0         518.72   0.02607    
 2200        -3.69482    0.05016     -3.64465    388.09   0.02155     2e-05       4.048     4.048     4.048     16.582    0.0         539.81   0.02564    
 2300        -3.68749    0.05197     -3.63552    402.06   0.02448     2e-05       4.048     4.048     4.048     16.582    0.0         515.51   0.02733    
 2400        -3.69058    0.0463      -3.64428    358.22   0.02704     2e-05       4.048     4.048     4.048     16.582    0.0         462.98   0.02873    
 2500        -3.69887    0.04004     -3.65883    309.76   0.0178      1e-05       4.048     4.048     4.048     16.582    0.0         530.69   0.0233     
 2600        -3.69883    0.04123     -3.65759    318.99   0.02159     1e-05       4.048     4.048     4.048     16.582    0.0         489.0    0.02566    
 2700        -3.68279    0.03587     -3.64692    277.5    0.02815     2e-05       4.048     4.048     4.048     16.582    0.0         399.36   0.02931    
 2800        -3.70151    0.03842     -3.66309    297.23   0.01829     1e-05       4.048     4.048     4.048     16.582    0.0         512.8    0.02362    
 2900        -3.68764    0.04971     -3.63793    384.55   0.02526     1e-05       4.048     4.048     4.048     16.582    0.0         496.35   0.02776    
 3000        -3.69169    0.03825     -3.65345    295.89   0.02741     2e-05       4.048     4.048     4.048     16.582    0.0         417.97   0.02892    
 3100        -3.69252    0.02983     -3.66269    230.74   0.02274     1e-05       4.048     4.048     4.048     16.582    0.0         405.22   0.02634    
 3200        -3.70103    0.04469     -3.65634    345.72   0.01855     1e-05       4.048     4.048     4.048     16.582    0.0         549.19   0.02379    
 3300        -3.69595    0.03485     -3.66111    269.6    0.02169     1e-05       4.048     4.048     4.048     16.582    0.0         448.46   0.02573    
 3400        -3.69798    0.03816     -3.65982    295.22   0.02162     1e-05       4.048     4.048     4.048     16.582    0.0         470.01   0.02569    
 3500        -3.69915    0.03723     -3.66192    288.01   0.02082     1e-05       4.048     4.048     4.048     16.582    0.0         473.16   0.0252     
 3600        -3.70211    0.03555     -3.66655    275.05   0.01979     1e-05       4.048     4.048     4.048     16.582    0.0         474.27   0.02457    
 3700        -3.69793    0.03847     -3.65946    297.62   0.01985     1e-05       4.048     4.048     4.048     16.582    0.0         492.6    0.02461    
 3800        -3.69656    0.03653     -3.66002    282.63   0.02038     1e-05       4.048     4.048     4.048     16.582    0.0         473.65   0.02494    
 3900        -3.69654    0.03944     -3.65709    305.16   0.02022     1e-05       4.048     4.048     4.048     16.582    0.0         494.18   0.02484    
 4000        -3.69553    0.03881     -3.65673    300.22   0.02126     1e-05       4.048     4.048     4.048     16.582    0.0         477.95   0.02547    
 4100        -3.70311    0.02797     -3.67513    216.39   0.01953     1e-05       4.048     4.048     4.048     16.582    0.0         423.46   0.02441    
 4200        -3.69948    0.03179     -3.66769    245.97   0.01856     1e-05       4.048     4.048     4.048     16.582    0.0         463.03   0.0238     
 4300        -3.69404    0.04184     -3.6522     323.7    0.02466     1e-05       4.048     4.048     4.048     16.582    0.0         460.87   0.02743    
 4400        -3.69251    0.03816     -3.65435    295.19   0.0202      1e-05       4.048     4.048     4.048     16.582    0.0         486.28   0.02483    
 4500        -3.68906    0.03488     -3.65418    269.81   0.02531     1e-05       4.048     4.048     4.048     16.582    0.0         415.34   0.02779    
 4600        -3.69719    0.03915     -3.65804    302.88   0.02093     1e-05       4.048     4.048     4.048     16.582    0.0         483.92   0.02527    
 4700        -3.69956    0.04247     -3.65709    328.53   0.01956     1e-05       4.048     4.048     4.048     16.582    0.0         521.35   0.02443    
 4800        -3.69457    0.03371     -3.66086    260.78   0.02207     1e-05       4.048     4.048     4.048     16.582    0.0         437.23   0.02595    
 4900        -3.69821    0.03461     -3.66359    267.79   0.02268     1e-05       4.048     4.048     4.048     16.582    0.0         437.07   0.02631    
 5000        -3.69473    0.04271     -3.65202    330.41   0.02316     1e-05       4.048     4.048     4.048     16.582    0.0         480.45   0.02659    
 5100        -3.69161    0.04404     -3.64757    340.72   0.02584     1e-05       4.048     4.048     4.048     16.582    0.0         461.94   0.02808    
 5200        -3.70277    0.04425     -3.65852    342.35   0.01982     1e-05       4.048     4.048     4.048     16.582    0.0         528.72   0.02459    
 5300        -3.69361    0.03214     -3.66146    248.68   0.02156     1e-05       4.048     4.048     4.048     16.582    0.0         431.97   0.02565    
 5400        -3.69778    0.03719     -3.66059    287.69   0.02202     1e-05       4.048     4.048     4.048     16.582    0.0         459.79   0.02592    
 5500        -3.69586    0.02787     -3.668      215.59   0.02253     1e-05       4.048     4.048     4.048     16.582    0.0         393.53   0.02622    
 5600        -3.7002     0.04194     -3.65826    324.44   0.01933     1e-05       4.048     4.048     4.048     16.582    0.0         521.09   0.02429    
 5700        -3.6956     0.03896     -3.65664    301.4    0.02253     1e-05       4.048     4.048     4.048     16.582    0.0         465.21   0.02622    
 5800        -3.69137    0.03883     -3.65254    300.37   0.02855     1e-05       4.048     4.048     4.048     16.582    0.0         412.57   0.02952    
 5900        -3.68214    0.0334      -3.64874    258.37   0.02962     1e-05       4.048     4.048     4.048     16.582    0.0         375.68   0.03006    
 6000        -3.69769    0.04183     -3.65586    323.62   0.02426     1e-05       4.048     4.048     4.048     16.582    0.0         464.61   0.02721    
 6100        -3.69402    0.04104     -3.65299    317.49   0.02482     1e-05       4.048     4.048     4.048     16.582    0.0         454.97   0.02752    
 6200        -3.6905     0.0376      -3.6529     290.87   0.03078     1e-05       4.048     4.048     4.048     16.582    0.0         391.05   0.03065    
 6300        -3.69644    0.03925     -3.65719    303.66   0.0225      1e-05       4.048     4.048     4.048     16.582    0.0         467.3    0.0262     
 6400        -3.69281    0.04373     -3.64908    338.32   0.02665     1e-05       4.048     4.048     4.048     16.582    0.0         453.21   0.02852    
 6500        -3.69502    0.04015     -3.65486    310.65   0.02317     1e-05       4.048     4.048     4.048     16.582    0.0         465.81   0.02659    
 6600        -3.69104    0.0336      -3.65744    259.93   0.02547     1e-05       4.048     4.048     4.048     16.582    0.0         406.33   0.02788    
 6700        -3.6925     0.03757     -3.65493    290.68   0.02253     1e-05       4.048     4.048     4.048     16.582    0.0         456.94   0.02622    
 6800        -3.70235    0.03285     -3.6695     254.14   0.02008     0.0         4.048     4.048     4.048     16.582    0.0         452.53   0.02475    
 6900        -3.70248    0.03441     -3.66807    266.18   0.01627     0.0         4.048     4.048     4.048     16.582    0.0         514.53   0.02228    
 7000        -3.69545    0.04336     -3.65209    335.48   0.02477     1e-05       4.048     4.048     4.048     16.582    0.0         468.11   0.02749    
 7100        -3.68855    0.03541     -3.65314    273.93   0.02711     1e-05       4.048     4.048     4.048     16.582    0.0         404.33   0.02876    
 7200        -3.69731    0.0421      -3.65521    325.7    0.02435     1e-05       4.048     4.048     4.048     16.582    0.0         465.22   0.02726    
 7300        -3.6924     0.03206     -3.66034    248.05   0.02386     1e-05       4.048     4.048     4.048     16.582    0.0         410.1    0.02699    
 7400        -3.70246    0.04245     -3.66       328.44   0.01686     0.0         4.048     4.048     4.048     16.582    0.0         561.36   0.02269    
 7500        -3.7013     0.03267     -3.66863    252.77   0.01786     0.0         4.048     4.048     4.048     16.582    0.0         478.59   0.02334    
 7600        -3.69835    0.03457     -3.66378    267.43   0.02237     0.0         4.048     4.048     4.048     16.582    0.0         439.8    0.02613    
 7700        -3.7001     0.02645     -3.67365    204.63   0.02049     0.0         4.048     4.048     4.048     16.582    0.0         401.95   0.02501    
 7800        -3.69678    0.03745     -3.65933    289.7    0.0218      0.0         4.048     4.048     4.048     16.582    0.0         463.68   0.02579    
 7900        -3.69187    0.03981     -3.65205    308.02   0.02601     1e-05       4.048     4.048     4.048     16.582    0.0         437.76   0.02817    
 8000        -3.68522    0.03399     -3.65123    262.93   0.03311     1e-05       4.048     4.048     4.048     16.582    0.0         358.44   0.03179    
 8100        -3.68926    0.03778     -3.65148    292.31   0.0277      1e-05       4.048     4.048     4.048     16.582    0.0         413.24   0.02907    
 8200        -3.69139    0.03684     -3.65455    285.0    0.02444     0.0         4.048     4.048     4.048     16.582    0.0         434.35   0.02731    
 8300        -3.70233    0.04042     -3.66191    312.7    0.01719     0.0         4.048     4.048     4.048     16.582    0.0         542.57   0.0229     
 8400        -3.69517    0.03464     -3.66053    268.01   0.02544     1e-05       4.048     4.048     4.048     16.582    0.0         412.85   0.02786    
 8500        -3.69977    0.03211     -3.66766    248.41   0.01669     0.0         4.048     4.048     4.048     16.582    0.0         490.77   0.02257    
 8600        -3.7024     0.03519     -3.66722    272.2    0.01766     0.0         4.048     4.048     4.048     16.582    0.0         499.44   0.02321    
 8700        -3.70176    0.0399      -3.66187    308.64   0.01708     0.0         4.048     4.048     4.048     16.582    0.0         540.66   0.02283    
 8800        -3.69851    0.03596     -3.66256    278.18   0.01896     0.0         4.048     4.048     4.048     16.582    0.0         487.26   0.02405    
 8900        -3.69935    0.0382      -3.66116    295.51   0.02146     0.0         4.048     4.048     4.048     16.582    0.0         472.03   0.02559    
 9000        -3.69702    0.03796     -3.65906    293.68   0.02357     0.0         4.048     4.048     4.048     16.582    0.0         448.96   0.02682    
 9100        -3.69308    0.03356     -3.65952    259.61   0.02358     0.0         4.048     4.048     4.048     16.582    0.0         422.05   0.02683    
 9200        -3.69666    0.03305     -3.66361    255.66   0.02243     0.0         4.048     4.048     4.048     16.582    0.0         429.44   0.02616    
 9300        -3.6915     0.03261     -3.65889    252.3    0.02681     0.0         4.048     4.048     4.048     16.582    0.0         390.21   0.0286     
 9400        -3.696      0.03301     -3.663      255.37   0.01848     0.0         4.048     4.048     4.048     16.582    0.0         472.92   0.02374    
 9500        -3.70032    0.03251     -3.6678     251.54   0.02072     0.0         4.048     4.048     4.048     16.582    0.0         443.18   0.02515    
 9600        -3.69146    0.03594     -3.65552    278.08   0.02522     0.0         4.048     4.048     4.048     16.582    0.0         422.4    0.02774    
 9700        -3.69254    0.03641     -3.65612    281.7    0.02579     0.0         4.048     4.048     4.048     16.582    0.0         420.44   0.02805    
 9800        -3.69974    0.03086     -3.66888    238.74   0.02132     0.0         4.048     4.048     4.048     16.582    0.0         425.68   0.02551    
 9900        -3.69763    0.0293      -3.66833    226.71   0.02203     0.0         4.048     4.048     4.048     16.582    0.0         408.1    0.02593    
 10000       -3.69571    0.03997     -3.65575    309.21   0.02155     0.0         4.048     4.048     4.048     16.582    0.0         481.87   0.02564    
 10100       -3.6921     0.04348     -3.64862    336.37   0.02557     0.0         4.048     4.048     4.048     16.582    0.0         461.32   0.02794    

Time averages:
             Epot        Ekin        Etot        Temp     MSD         Self_diff   Pressure    Spec_heat   DebyeT   Lindemann  
             eV/atom     eV/atom     eV/atom     K        Å^2         mm^2/s      GPa         J/(K*Kg)    K        1          
             -3.69612    0.03726     -3.65886    288.23   0.02228     1e-05       0.0         488.57563   459.91   0.026      