Material ID: Al_MTP_10_10_eq_2000_offset_2000_ranfor_10000
Unit cell composition: Al32
Material:  Al
Site positions of initial unit cell:
 Al          Al          Al          Al         
 0.00000     0.00000     2.02395     2.02395    
 0.00000     2.02395     0.00000     2.02395    
 0.00000     2.02395     2.02395     0.00000    
Properties:
 Time        Epot        Ekin        Etot        Temp     MSD         Self_diff   LC_a      LC_b      LC_c      Volume      Pressure    DebyeT   Lindemann 
 fs          eV/atom     eV/atom     eV/atom     K        Å^2         mm^2/s      Å         Å         Å         Å^3/atom    GPa        K        1          
 100         -3.70405    0.02872     -3.67533    222.19   0.00064     1e-05       4.048     4.048     4.048     16.582    0.0         2366.81  0.00443    
 200         -3.69955    0.02708     -3.67247    209.52   0.00055     0.0         4.048     4.048     4.048     16.582    0.0         2476.32  0.00411    
 300         -3.70083    0.02846     -3.67238    220.14   0.00062     0.0         4.048     4.048     4.048     16.582    0.0         2396.51  0.00435    
 400         -3.69759    0.02547     -3.67213    197.02   0.00063     0.0         4.048     4.048     4.048     16.582    0.0         2243.69  0.0044     
 500         -3.70546    0.03395     -3.67151    262.68   0.00051     0.0         4.048     4.048     4.048     16.582    0.0         2882.01  0.00395    
 600         -3.69759    0.0279      -3.66969    215.83   0.00056     0.0         4.048     4.048     4.048     16.582    0.0         2495.77  0.00414    
 700         -3.70222    0.02857     -3.67365    221.02   0.00051     0.0         4.048     4.048     4.048     16.582    0.0         2658.17  0.00393    
 800         -3.70463    0.03436     -3.67027    265.81   0.0004      0.0         4.048     4.048     4.048     16.582    0.0         3265.74  0.00351    
 900         -3.6984     0.02855     -3.66985    220.84   0.0006      0.0         4.048     4.048     4.048     16.582    0.0         2446.55  0.00427    
 1000        -3.70715    0.03322     -3.67392    257.02   0.00048     0.0         4.048     4.048     4.048     16.582    0.0         2945.97  0.00382    
 1100        -3.70481    0.02784     -3.67698    215.34   0.00043     0.0         4.048     4.048     4.048     16.582    0.0         2859.05  0.00361    
 1200        -3.70595    0.03123     -3.67472    241.59   0.00049     0.0         4.048     4.048     4.048     16.582    0.0         2834.63  0.00385    
 1300        -3.69989    0.0272      -3.67268    210.45   0.00054     0.0         4.048     4.048     4.048     16.582    0.0         2503.2   0.00407    
 1400        -3.69722    0.02808     -3.66915    217.22   0.0005      0.0         4.048     4.048     4.048     16.582    0.0         2663.07  0.00389    
 1500        -3.70059    0.03603     -3.66456    278.78   0.00045     0.0         4.048     4.048     4.048     16.582    0.0         3149.2   0.00373    
 1600        -3.69846    0.03392     -3.66453    262.44   0.0006      0.0         4.048     4.048     4.048     16.582    0.0         2656.75  0.00428    
 1700        -3.69836    0.03495     -3.66342    270.35   0.00059     0.0         4.048     4.048     4.048     16.582    0.0         2731.36  0.00423    
 1800        -3.70016    0.03726     -3.6629     288.24   0.00065     0.0         4.048     4.048     4.048     16.582    0.0         2688.53  0.00444    
 1900        -3.69743    0.02908     -3.66835    224.98   0.00054     0.0         4.048     4.048     4.048     16.582    0.0         2604.8   0.00405    
 2000        -3.70315    0.03885     -3.6643     300.57   0.00053     0.0         4.048     4.048     4.048     16.582    0.0         3029.05  0.00402    
 2100        -3.70199    0.03221     -3.66977    249.22   0.00059     0.0         4.048     4.048     4.048     16.582    0.0         2617.1   0.00424    
 2200        -3.6962     0.02868     -3.66752    221.91   0.00063     0.0         4.048     4.048     4.048     16.582    0.0         2383.68  0.00439    
 2300        -3.69632    0.02775     -3.66857    214.69   0.00062     0.0         4.048     4.048     4.048     16.582    0.0         2364.0   0.00436    
 2400        -3.69766    0.03393     -3.66373    262.46   0.00049     0.0         4.048     4.048     4.048     16.582    0.0         2940.44  0.00387    
 2500        -3.70126    0.03833     -3.66293    296.55   0.00063     0.0         4.048     4.048     4.048     16.582    0.0         2759.64  0.00438    
 2600        -3.69271    0.03077     -3.66194    238.03   0.00061     0.0         4.048     4.048     4.048     16.582    0.0         2508.58  0.00432    
 2700        -3.70145    0.04132     -3.66013    319.67   0.00044     0.0         4.048     4.048     4.048     16.582    0.0         3427.05  0.00367    
 2800        -3.69213    0.03771     -3.65442    291.73   0.00065     0.0         4.048     4.048     4.048     16.582    0.0         2690.88  0.00446    
 2900        -3.6899     0.0351      -3.6548     271.54   0.0006      0.0         4.048     4.048     4.048     16.582    0.0         2697.34  0.00429    
 3000        -3.68955    0.03383     -3.65572    261.72   0.00058     0.0         4.048     4.048     4.048     16.582    0.0         2702.68  0.00421    
 3100        -3.69937    0.04164     -3.65774    322.11   0.0005      0.0         4.048     4.048     4.048     16.582    0.0         3226.42  0.00391    
 3200        -3.69836    0.03823     -3.66013    295.78   0.00061     0.0         4.048     4.048     4.048     16.582    0.0         2793.27  0.00433    
 3300        -3.69289    0.02614     -3.66675    202.24   0.00068     0.0         4.048     4.048     4.048     16.582    0.0         2186.34  0.00457    
 3400        -3.7001     0.03458     -3.66552    267.54   0.00056     0.0         4.048     4.048     4.048     16.582    0.0         2779.13  0.00414    
 3500        -3.69851    0.0319      -3.66661    246.79   0.00058     0.0         4.048     4.048     4.048     16.582    0.0         2617.23  0.00422    
 3600        -3.69799    0.0298      -3.66819    230.58   0.00062     0.0         4.048     4.048     4.048     16.582    0.0         2449.15  0.00436    
 3700        -3.69887    0.02988     -3.66899    231.16   0.00048     0.0         4.048     4.048     4.048     16.582    0.0         2782.37  0.00384    
 3800        -3.69971    0.03223     -3.66748    249.32   0.00062     0.0         4.048     4.048     4.048     16.582    0.0         2560.83  0.00433    
 3900        -3.70691    0.03659     -3.67032    283.08   0.00048     0.0         4.048     4.048     4.048     16.582    0.0         3077.27  0.00384    
 4000        -3.69763    0.02706     -3.67057    209.38   0.00062     0.0         4.048     4.048     4.048     16.582    0.0         2339.19  0.00435    
 4100        -3.70206    0.03287     -3.66919    254.29   0.0005      0.0         4.048     4.048     4.048     16.582    0.0         2865.23  0.00391    
 4200        -3.7022     0.03428     -3.66792    265.21   0.00061     0.0         4.048     4.048     4.048     16.582    0.0         2642.59  0.00433    
 4300        -3.69697    0.03335     -3.66362    258.02   0.00054     0.0         4.048     4.048     4.048     16.582    0.0         2789.62  0.00405    
 4400        -3.68703    0.02292     -3.66411    177.33   0.00068     0.0         4.048     4.048     4.048     16.582    0.0         2051.47  0.00456    
 4500        -3.70033    0.03539     -3.66495    273.78   0.00053     0.0         4.048     4.048     4.048     16.582    0.0         2877.62  0.00404    
 4600        -3.70035    0.03809     -3.66226    294.71   0.0005      0.0         4.048     4.048     4.048     16.582    0.0         3103.07  0.00389    
 4700        -3.69809    0.03605     -3.66204    278.87   0.00061     0.0         4.048     4.048     4.048     16.582    0.0         2725.56  0.00431    
 4800        -3.7005     0.04002     -3.66048    309.61   0.00051     0.0         4.048     4.048     4.048     16.582    0.0         3123.44  0.00396    
 4900        -3.69212    0.03322     -3.6589     257.01   0.00067     0.0         4.048     4.048     4.048     16.582    0.0         2500.08  0.00451    
 5000        -3.69183    0.03016     -3.66167    233.37   0.00048     0.0         4.048     4.048     4.048     16.582    0.0         2791.7   0.00385    
 5100        -3.69491    0.03103     -3.66388    240.08   0.00065     0.0         4.048     4.048     4.048     16.582    0.0         2442.64  0.00446    
 5200        -3.70096    0.03866     -3.66229    299.11   0.0006      0.0         4.048     4.048     4.048     16.582    0.0         2848.97  0.00427    
 5300        -3.7025     0.03796     -3.66454    293.67   0.00044     0.0         4.048     4.048     4.048     16.582    0.0         3293.42  0.00366    
 5400        -3.69904    0.03082     -3.66822    238.41   0.00068     0.0         4.048     4.048     4.048     16.582    0.0         2376.61  0.00457    
 5500        -3.69407    0.03033     -3.66374    234.61   0.00051     0.0         4.048     4.048     4.048     16.582    0.0         2739.18  0.00393    
 5600        -3.69612    0.03458     -3.66153    267.55   0.00062     0.0         4.048     4.048     4.048     16.582    0.0         2640.21  0.00435    
 5700        -3.70009    0.03876     -3.66133    299.86   0.00056     0.0         4.048     4.048     4.048     16.582    0.0         2933.51  0.00415    
 5800        -3.70353    0.03551     -3.66802    274.7    0.00043     0.0         4.048     4.048     4.048     16.582    0.0         3201.69  0.00364    
 5900        -3.6992     0.03297     -3.66623    255.08   0.00064     0.0         4.048     4.048     4.048     16.582    0.0         2544.67  0.00441    
 6000        -3.69941    0.03586     -3.66354    277.44   0.00046     0.0         4.048     4.048     4.048     16.582    0.0         3119.7   0.00375    
 6100        -3.69685    0.03081     -3.66604    238.39   0.00072     0.0         4.048     4.048     4.048     16.582    0.0         2322.62  0.00467    
 6200        -3.69687    0.03505     -3.66183    271.14   0.00047     0.0         4.048     4.048     4.048     16.582    0.0         3050.64  0.00379    
 6300        -3.70434    0.04212     -3.66222    325.87   0.00053     0.0         4.048     4.048     4.048     16.582    0.0         3165.82  0.00401    
 6400        -3.70262    0.04098     -3.66164    317.03   0.00048     0.0         4.048     4.048     4.048     16.582    0.0         3259.04  0.00384    
 6500        -3.69378    0.0339      -3.65988    262.26   0.0006      0.0         4.048     4.048     4.048     16.582    0.0         2651.02  0.00429    
 6600        -3.69557    0.03595     -3.65962    278.14   0.00058     0.0         4.048     4.048     4.048     16.582    0.0         2775.22  0.00422    
 6700        -3.69372    0.03387     -3.65985    262.02   0.00064     0.0         4.048     4.048     4.048     16.582    0.0         2564.15  0.00444    
 6800        -3.69363    0.02915     -3.66448    225.48   0.00055     0.0         4.048     4.048     4.048     16.582    0.0         2571.13  0.0041     
 6900        -3.69445    0.03343     -3.66101    258.65   0.00072     0.0         4.048     4.048     4.048     16.582    0.0         2404.42  0.0047     
 7000        -3.69051    0.03343     -3.65707    258.64   0.00061     0.0         4.048     4.048     4.048     16.582    0.0         2610.61  0.00433    
 7100        -3.70169    0.03803     -3.66365    294.25   0.00054     0.0         4.048     4.048     4.048     16.582    0.0         2968.48  0.00406    
 7200        -3.70016    0.03828     -3.66188    296.14   0.00047     0.0         4.048     4.048     4.048     16.582    0.0         3186.77  0.00379    
 7300        -3.70057    0.03668     -3.6639     283.74   0.00058     0.0         4.048     4.048     4.048     16.582    0.0         2812.95  0.00421    
 7400        -3.69682    0.03549     -3.66133    274.6    0.00059     0.0         4.048     4.048     4.048     16.582    0.0         2748.06  0.00424    
 7500        -3.69863    0.04222     -3.65641    326.64   0.00062     0.0         4.048     4.048     4.048     16.582    0.0         2913.67  0.00436    
 7600        -3.70383    0.04483     -3.659      346.82   0.00053     0.0         4.048     4.048     4.048     16.582    0.0         3256.27  0.00402    
 7700        -3.69832    0.03846     -3.65986    297.54   0.00059     0.0         4.048     4.048     4.048     16.582    0.0         2855.71  0.00424    
 7800        -3.69124    0.0354      -3.65583    273.88   0.00064     0.0         4.048     4.048     4.048     16.582    0.0         2629.2   0.00442    
 7900        -3.69202    0.03824     -3.65377    295.87   0.00073     0.0         4.048     4.048     4.048     16.582    0.0         2561.44  0.00472    
 8000        -3.68904    0.03134     -3.6577     242.46   0.0006      0.0         4.048     4.048     4.048     16.582    0.0         2551.25  0.00429    

Time averages:
             Epot        Ekin        Etot        Temp     MSD         Self_diff   Pressure    Spec_heat   DebyeT   Lindemann  
             eV/atom     eV/atom     eV/atom     K        Å^2         mm^2/s      GPa         J/(K*Kg)    K        1          
             -3.69836    0.03374     -3.66463    261.0    0.00057     0.0         0.0         484.85462   2740.87  0.00416    