Material ID: Al_MTP_06_1_eq_2000_offset_6000_ranfor_10000
Unit cell composition: Al32
Material:  Al
Site positions of initial unit cell:
 Al          Al          Al          Al         
 0.00000     0.00000     2.02395     2.02395    
 0.00000     2.02395     0.00000     2.02395    
 0.00000     2.02395     2.02395     0.00000    
Properties:
 Time        Epot        Ekin        Etot        Temp     MSD         Self_diff   LC_a      LC_b      LC_c      Volume      Pressure    DebyeT   Lindemann 
 fs          eV/atom     eV/atom     eV/atom     K        Å^2         mm^2/s      Å         Å         Å         Å^3/atom    GPa        K        1          
 100         -3.69204    0.03772     -3.65432    291.81   0.0014      2e-05       4.048     4.048     4.048     16.582    0.0         1836.91  0.00653    
 200         -3.69305    0.04396     -3.64909    340.08   0.0008      1e-05       4.048     4.048     4.048     16.582    0.0         2626.32  0.00493    
 300         -3.69538    0.04233     -3.65305    327.46   0.00075     0.0         4.048     4.048     4.048     16.582    0.0         2664.34  0.00477    
 400         -3.69371    0.04247     -3.65125    328.54   0.00092     0.0         4.048     4.048     4.048     16.582    0.0         2408.54  0.00529    
 500         -3.69418    0.03771     -3.65647    291.74   0.00059     0.0         4.048     4.048     4.048     16.582    0.0         2837.33  0.00423    
 600         -3.69379    0.03733     -3.65646    288.77   0.00102     0.0         4.048     4.048     4.048     16.582    0.0         2141.98  0.00557    
 700         -3.69046    0.0313      -3.65916    242.17   0.00075     0.0         4.048     4.048     4.048     16.582    0.0         2279.93  0.0048     
 800         -3.69622    0.03348     -3.66274    258.98   0.00086     0.0         4.048     4.048     4.048     16.582    0.0         2211.71  0.00511    
 900         -3.69875    0.03932     -3.65943    304.22   0.00088     0.0         4.048     4.048     4.048     16.582    0.0         2365.08  0.00518    
 1000        -3.68991    0.03072     -3.65919    237.63   0.00075     0.0         4.048     4.048     4.048     16.582    0.0         2260.07  0.00479    
 1100        -3.69804    0.03911     -3.65893    302.56   0.00098     0.0         4.048     4.048     4.048     16.582    0.0         2230.19  0.00548    
 1200        -3.6902     0.03443     -3.65577    266.38   0.00066     0.0         4.048     4.048     4.048     16.582    0.0         2548.37  0.0045     
 1300        -3.69549    0.03598     -3.65952    278.32   0.00092     0.0         4.048     4.048     4.048     16.582    0.0         2206.84  0.00531    
 1400        -3.69242    0.03161     -3.6608     244.58   0.00075     0.0         4.048     4.048     4.048     16.582    0.0         2296.66  0.00478    
 1500        -3.69057    0.03489     -3.65568    269.91   0.00087     0.0         4.048     4.048     4.048     16.582    0.0         2245.2   0.00514    
 1600        -3.68691    0.02822     -3.65869    218.34   0.00102     0.0         4.048     4.048     4.048     16.582    0.0         1860.83  0.00558    
 1700        -3.70172    0.03835     -3.66337    296.7    0.0008      0.0         4.048     4.048     4.048     16.582    0.0         2456.08  0.00493    
 1800        -3.7036     0.03731     -3.6663     288.61   0.00064     0.0         4.048     4.048     4.048     16.582    0.0         2697.53  0.00443    
 1900        -3.69538    0.02884     -3.66654    223.09   0.00092     0.0         4.048     4.048     4.048     16.582    0.0         1984.27  0.00529    
 2000        -3.69815    0.03456     -3.66359    267.39   0.00068     0.0         4.048     4.048     4.048     16.582    0.0         2515.03  0.00457    
 2100        -3.69734    0.0351      -3.66224    271.57   0.00083     0.0         4.048     4.048     4.048     16.582    0.0         2307.42  0.00502    
 2200        -3.70169    0.04126     -3.66042    319.24   0.00083     0.0         4.048     4.048     4.048     16.582    0.0         2498.12  0.00503    
 2300        -3.701      0.03391     -3.66709    262.31   0.00071     0.0         4.048     4.048     4.048     16.582    0.0         2441.04  0.00466    
 2400        -3.69221    0.03086     -3.66134    238.78   0.00101     0.0         4.048     4.048     4.048     16.582    0.0         1955.33  0.00555    
 2500        -3.69486    0.03333     -3.66152    257.88   0.00095     0.0         4.048     4.048     4.048     16.582    0.0         2099.72  0.00537    
 2600        -3.69517    0.03108     -3.6641     240.42   0.00084     0.0         4.048     4.048     4.048     16.582    0.0         2150.67  0.00507    
 2700        -3.69282    0.02819     -3.66462    218.12   0.00085     0.0         4.048     4.048     4.048     16.582    0.0         2035.82  0.0051     
 2800        -3.69957    0.03856     -3.66102    298.28   0.00089     0.0         4.048     4.048     4.048     16.582    0.0         2322.67  0.00522    
 2900        -3.69069    0.03325     -3.65744    257.2    0.00112     0.0         4.048     4.048     4.048     16.582    0.0         1928.96  0.00584    
 3000        -3.69354    0.03436     -3.65918    265.85   0.00073     0.0         4.048     4.048     4.048     16.582    0.0         2431.55  0.00471    
 3100        -3.69946    0.03506     -3.6644     271.2    0.00092     0.0         4.048     4.048     4.048     16.582    0.0         2187.82  0.00529    
 3200        -3.70209    0.04197     -3.66011    324.73   0.00085     0.0         4.048     4.048     4.048     16.582    0.0         2490.97  0.00508    
 3300        -3.70195    0.03854     -3.66341    298.18   0.00079     0.0         4.048     4.048     4.048     16.582    0.0         2469.39  0.00491    
 3400        -3.68947    0.03127     -3.6582     241.91   0.00089     0.0         4.048     4.048     4.048     16.582    0.0         2094.61  0.00522    
 3500        -3.69322    0.03396     -3.65926    262.71   0.00077     0.0         4.048     4.048     4.048     16.582    0.0         2351.26  0.00484    
 3600        -3.6983     0.0395      -3.65881    305.56   0.00092     0.0         4.048     4.048     4.048     16.582    0.0         2318.05  0.0053     
 3700        -3.69763    0.04299     -3.65464    332.62   0.00085     0.0         4.048     4.048     4.048     16.582    0.0         2512.42  0.0051     
 3800        -3.68737    0.03691     -3.65046    285.53   0.001       0.0         4.048     4.048     4.048     16.582    0.0         2149.79  0.00552    
 3900        -3.68874    0.03604     -3.65271    278.8    0.00087     0.0         4.048     4.048     4.048     16.582    0.0         2280.02  0.00515    
 4000        -3.69034    0.03744     -3.6529     289.66   0.00104     0.0         4.048     4.048     4.048     16.582    0.0         2121.85  0.00564    
