Material ID: Al_MTP_06_10_eq_2000_offset_0_ranfor_10000
Unit cell composition: Al32
Material:  Al
Site positions of initial unit cell:
 Al          Al          Al          Al         
 0.00000     0.00000     2.02395     2.02395    
 0.00000     2.02395     0.00000     2.02395    
 0.00000     2.02395     2.02395     0.00000    
Properties:
 Time        Epot        Ekin        Etot        Temp     MSD         Self_diff   LC_a      LC_b      LC_c      Volume      Pressure    DebyeT   Lindemann 
 fs          eV/atom     eV/atom     eV/atom     K        Å^2         mm^2/s      Å         Å         Å         Å^3/atom    GPa        K        1          
 100         -3.72964    0.03641     -3.69324    281.65   0.0         0.0         4.048     4.048     4.048     16.582    0.0         0        0.0        
 200         -3.70792    0.02388     -3.68404    184.73   0.00021     0.0         4.048     4.048     4.048     16.582    0.0         3747.84  0.00255    
 300         -3.70138    0.02733     -3.67405    211.46   0.00028     0.0         4.048     4.048     4.048     16.582    0.0         3467.43  0.00295    
 400         -3.6986     0.03199     -3.66661    247.52   0.00028     0.0         4.048     4.048     4.048     16.582    0.0         3775.16  0.00293    
 500         -3.69151    0.02847     -3.66304    220.29   0.0004      0.0         4.048     4.048     4.048     16.582    0.0         2976.38  0.0035     
 600         -3.69687    0.0341      -3.66277    263.85   0.0003      0.0         4.048     4.048     4.048     16.582    0.0         3794.07  0.00301    
 700         -3.69662    0.03003     -3.66659    232.33   0.00031     0.0         4.048     4.048     4.048     16.582    0.0         3480.81  0.00308    
 800         -3.69438    0.03341     -3.66097    258.46   0.00034     0.0         4.048     4.048     4.048     16.582    0.0         3522.62  0.00321    
 900         -3.69033    0.03964     -3.65069    306.68   0.00034     0.0         4.048     4.048     4.048     16.582    0.0         3833.82  0.00321    
 1000        -3.68919    0.04265     -3.64653    329.99   0.00035     0.0         4.048     4.048     4.048     16.582    0.0         3930.15  0.00325    
 1100        -3.69115    0.04466     -3.64649    345.49   0.00039     0.0         4.048     4.048     4.048     16.582    0.0         3772.91  0.00346    
 1200        -3.69078    0.04077     -3.65002    315.4    0.00037     0.0         4.048     4.048     4.048     16.582    0.0         3728.51  0.00335    
 1300        -3.68872    0.03611     -3.6526     279.37   0.00044     0.0         4.048     4.048     4.048     16.582    0.0         3210.94  0.00366    
 1400        -3.69528    0.04069     -3.65459    314.8    0.00034     0.0         4.048     4.048     4.048     16.582    0.0         3889.43  0.00321    
 1500        -3.69655    0.03962     -3.65692    306.54   0.00033     0.0         4.048     4.048     4.048     16.582    0.0         3885.59  0.00317    
 1600        -3.68369    0.02562     -3.65806    198.22   0.0005      0.0         4.048     4.048     4.048     16.582    0.0         2522.74  0.00392    
 1700        -3.68969    0.03403     -3.65566    263.27   0.00048     0.0         4.048     4.048     4.048     16.582    0.0         2978.79  0.00383    
 1800        -3.70352    0.03885     -3.66467    300.57   0.00025     0.0         4.048     4.048     4.048     16.582    0.0         4426.46  0.00275    
 1900        -3.69215    0.03885     -3.6533     300.54   0.00034     0.0         4.048     4.048     4.048     16.582    0.0         3806.77  0.0032     
 2000        -3.6825     0.03897     -3.64353    301.46   0.00045     0.0         4.048     4.048     4.048     16.582    0.0         3291.99  0.00371    
 2100        -3.68294    0.03792     -3.64503    293.33   0.00044     0.0         4.048     4.048     4.048     16.582    0.0         3276.74  0.00367    
 2200        -3.68262    0.03765     -3.64496    291.3    0.0005      0.0         4.048     4.048     4.048     16.582    0.0         3083.92  0.00389    
 2300        -3.68648    0.04404     -3.64244    340.73   0.0004      0.0         4.048     4.048     4.048     16.582    0.0         3711.48  0.00349    
 2400        -3.678      0.04085     -3.63716    316.02   0.00047     0.0         4.048     4.048     4.048     16.582    0.0         3294.32  0.00379    
 2500        -3.68628    0.04798     -3.6383     371.17   0.00045     0.0         4.048     4.048     4.048     16.582    0.0         3650.81  0.00371    
 2600        -3.69554    0.04061     -3.65494    314.16   0.00038     0.0         4.048     4.048     4.048     16.582    0.0         3635.15  0.00343    
 2700        -3.69256    0.03999     -3.65258    309.35   0.00041     0.0         4.048     4.048     4.048     16.582    0.0         3504.6   0.00353    
 2800        -3.69403    0.04319     -3.65085    334.12   0.00033     0.0         4.048     4.048     4.048     16.582    0.0         4053.56  0.00317    
 2900        -3.69543    0.03124     -3.66419    241.7    0.00038     0.0         4.048     4.048     4.048     16.582    0.0         3213.0   0.0034     
 3000        -3.68902    0.02637     -3.66265    203.99   0.00041     0.0         4.048     4.048     4.048     16.582    0.0         2852.01  0.00352    
 3100        -3.69399    0.03518     -3.65881    272.18   0.00034     0.0         4.048     4.048     4.048     16.582    0.0         3583.2   0.00324    
 3200        -3.69466    0.03677     -3.65788    284.5    0.00034     0.0         4.048     4.048     4.048     16.582    0.0         3661.25  0.00324    
 3300        -3.69828    0.03259     -3.6657     252.12   0.00027     0.0         4.048     4.048     4.048     16.582    0.0         3860.63  0.00289    
 3400        -3.70221    0.03804     -3.66416    294.31   0.00027     0.0         4.048     4.048     4.048     16.582    0.0         4170.28  0.00289    
 3500        -3.70057    0.03096     -3.66961    239.55   0.0003      0.0         4.048     4.048     4.048     16.582    0.0         3588.99  0.00303    
 3600        -3.69776    0.0286      -3.66916    221.27   0.00031     0.0         4.048     4.048     4.048     16.582    0.0         3394.86  0.00308    
 3700        -3.6954     0.02886     -3.66654    223.29   0.00032     0.0         4.048     4.048     4.048     16.582    0.0         3359.51  0.00313    
 3800        -3.69931    0.03886     -3.66045    300.65   0.00029     0.0         4.048     4.048     4.048     16.582    0.0         4110.64  0.00296    
 3900        -3.69187    0.03606     -3.65581    278.98   0.00034     0.0         4.048     4.048     4.048     16.582    0.0         3643.58  0.00322    
 4000        -3.69037    0.0336      -3.65678    259.93   0.00034     0.0         4.048     4.048     4.048     16.582    0.0         3530.11  0.00321    
 4100        -3.69647    0.03599     -3.66047    278.47   0.00036     0.0         4.048     4.048     4.048     16.582    0.0         3520.14  0.00333    
 4200        -3.69418    0.0379      -3.65628    293.23   0.00037     0.0         4.048     4.048     4.048     16.582    0.0         3565.31  0.00337    
 4300        -3.69844    0.0326      -3.66584    252.2    0.00031     0.0         4.048     4.048     4.048     16.582    0.0         3654.3   0.00305    
 4400        -3.69667    0.03314     -3.66353    256.42   0.00036     0.0         4.048     4.048     4.048     16.582    0.0         3385.43  0.00332    
 4500        -3.6935     0.03661     -3.65689    283.26   0.00038     0.0         4.048     4.048     4.048     16.582    0.0         3455.06  0.00342    
 4600        -3.68647    0.04111     -3.64536    318.03   0.00042     0.0         4.048     4.048     4.048     16.582    0.0         3484.42  0.0036     
 4700        -3.68329    0.03606     -3.64723    279.0    0.00049     0.0         4.048     4.048     4.048     16.582    0.0         3048.54  0.00385    
 4800        -3.69276    0.04761     -3.64515    368.36   0.00033     0.0         4.048     4.048     4.048     16.582    0.0         4230.57  0.00319    
 4900        -3.67632    0.02698     -3.64934    208.74   0.00053     0.0         4.048     4.048     4.048     16.582    0.0         2523.09  0.00402    
 5000        -3.70558    0.05342     -3.65216    413.24   0.00027     0.0         4.048     4.048     4.048     16.582    0.0         5001.24  0.00286    
 5100        -3.69158    0.04792     -3.64366    370.69   0.00042     0.0         4.048     4.048     4.048     16.582    0.0         3794.57  0.00357    
 5200        -3.692      0.04901     -3.64299    379.15   0.00045     0.0         4.048     4.048     4.048     16.582    0.0         3679.25  0.00372    
 5300        -3.68158    0.04149     -3.64009    320.99   0.00048     0.0         4.048     4.048     4.048     16.582    0.0         3285.94  0.00383    
 5400        -3.68798    0.04771     -3.64026    369.13   0.00043     0.0         4.048     4.048     4.048     16.582    0.0         3714.98  0.00363    
 5500        -3.70028    0.04722     -3.65306    365.32   0.00028     0.0         4.048     4.048     4.048     16.582    0.0         4622.78  0.00291    
 5600        -3.69565    0.04197     -3.65368    324.71   0.00032     0.0         4.048     4.048     4.048     16.582    0.0         4021.0   0.00315    
 5700        -3.69266    0.04681     -3.64584    362.16   0.00041     0.0         4.048     4.048     4.048     16.582    0.0         3783.89  0.00353    
 5800        -3.69408    0.03627     -3.65781    280.57   0.00036     0.0         4.048     4.048     4.048     16.582    0.0         3531.49  0.00333    
 5900        -3.69955    0.05055     -3.649      391.04   0.00033     0.0         4.048     4.048     4.048     16.582    0.0         4389.62  0.00317    
 6000        -3.69596    0.04902     -3.64694    379.25   0.00036     0.0         4.048     4.048     4.048     16.582    0.0         4125.99  0.00332    
 6100        -3.6919     0.0375      -3.65439    290.14   0.00035     0.0         4.048     4.048     4.048     16.582    0.0         3654.46  0.00328    
 6200        -3.69912    0.04368     -3.65543    337.96   0.0003      0.0         4.048     4.048     4.048     16.582    0.0         4247.86  0.00304    
 6300        -3.69669    0.03992     -3.65677    308.83   0.00036     0.0         4.048     4.048     4.048     16.582    0.0         3707.33  0.00333    
 6400        -3.691      0.03181     -3.65919    246.13   0.0004      0.0         4.048     4.048     4.048     16.582    0.0         3173.04  0.00347    
 6500        -3.68274    0.03616     -3.64658    279.75   0.00053     0.0         4.048     4.048     4.048     16.582    0.0         2908.89  0.00404    
 6600        -3.68627    0.03161     -3.65466    244.58   0.00045     0.0         4.048     4.048     4.048     16.582    0.0         2951.19  0.00372    
 6700        -3.69065    0.04177     -3.64887    323.18   0.00041     0.0         4.048     4.048     4.048     16.582    0.0         3586.13  0.00352    
 6800        -3.67705    0.03201     -3.64504    247.63   0.00055     0.0         4.048     4.048     4.048     16.582    0.0         2694.51  0.0041     
 6900        -3.69088    0.05003     -3.64085    387.04   0.00035     0.0         4.048     4.048     4.048     16.582    0.0         4220.58  0.00328    
 7000        -3.69388    0.04122     -3.65267    318.86   0.0004      0.0         4.048     4.048     4.048     16.582    0.0         3604.53  0.00348    
 7100        -3.68876    0.03574     -3.65302    276.48   0.00047     0.0         4.048     4.048     4.048     16.582    0.0         3085.08  0.00379    
 7200        -3.69005    0.03809     -3.65196    294.69   0.00034     0.0         4.048     4.048     4.048     16.582    0.0         3739.51  0.00323    
 7300        -3.69967    0.04276     -3.65691    330.82   0.00027     0.0         4.048     4.048     4.048     16.582    0.0         4447.57  0.00287    
 7400        -3.69537    0.04346     -3.6519     336.24   0.00036     0.0         4.048     4.048     4.048     16.582    0.0         3889.56  0.00331    
 7500        -3.69426    0.03376     -3.66051    261.14   0.00038     0.0         4.048     4.048     4.048     16.582    0.0         3351.98  0.00339    
 7600        -3.69793    0.0458      -3.65213    354.31   0.00032     0.0         4.048     4.048     4.048     16.582    0.0         4219.11  0.00313    
 7700        -3.68524    0.04422     -3.64101    342.13   0.00049     0.0         4.048     4.048     4.048     16.582    0.0         3373.57  0.00385    
 7800        -3.68965    0.05472     -3.63492    423.35   0.00042     0.0         4.048     4.048     4.048     16.582    0.0         4043.58  0.00358    
 7900        -3.69535    0.03676     -3.65859    284.38   0.00044     0.0         4.048     4.048     4.048     16.582    0.0         3234.41  0.00366    
 8000        -3.69301    0.02686     -3.66615    207.78   0.00034     0.0         4.048     4.048     4.048     16.582    0.0         3140.3   0.00323    
 8100        -3.69647    0.03686     -3.65961    285.19   0.00032     0.0         4.048     4.048     4.048     16.582    0.0         3797.57  0.00312    
 8200        -3.69742    0.032       -3.66541    247.58   0.00036     0.0         4.048     4.048     4.048     16.582    0.0         3336.54  0.00331    
 8300        -3.69734    0.03303     -3.66431    255.53   0.00033     0.0         4.048     4.048     4.048     16.582    0.0         3532.31  0.00318    
 8400        -3.69605    0.03136     -3.6647     242.58   0.00033     0.0         4.048     4.048     4.048     16.582    0.0         3438.57  0.00318    
 8500        -3.6983     0.0307      -3.66759    237.54   0.00032     0.0         4.048     4.048     4.048     16.582    0.0         3471.5   0.00312    
 8600        -3.70958    0.03743     -3.67215    289.54   0.0002      0.0         4.048     4.048     4.048     16.582    0.0         4876.99  0.00245    
 8700        -3.69929    0.03413     -3.66517    264.01   0.00029     0.0         4.048     4.048     4.048     16.582    0.0         3867.03  0.00295    
 8800        -3.69859    0.03786     -3.66073    292.87   0.0003      0.0         4.048     4.048     4.048     16.582    0.0         3956.46  0.00304    
 8900        -3.69665    0.02893     -3.66771    223.84   0.00038     0.0         4.048     4.048     4.048     16.582    0.0         3083.34  0.00341    
 9000        -3.69751    0.03144     -3.66607    243.22   0.00028     0.0         4.048     4.048     4.048     16.582    0.0         3734.13  0.00293    
 9100        -3.70238    0.03728     -3.6651     288.37   0.00028     0.0         4.048     4.048     4.048     16.582    0.0         4091.37  0.00292    
 9200        -3.68671    0.03396     -3.65276    262.71   0.00034     0.0         4.048     4.048     4.048     16.582    0.0         3552.46  0.00321    
 9300        -3.68611    0.02955     -3.65656    228.61   0.0005      0.0         4.048     4.048     4.048     16.582    0.0         2713.07  0.00392    
 9400        -3.68862    0.03165     -3.65697    244.86   0.00044     0.0         4.048     4.048     4.048     16.582    0.0         3014.57  0.00365    
 9500        -3.68784    0.04022     -3.64762    311.14   0.00045     0.0         4.048     4.048     4.048     16.582    0.0         3333.09  0.00372    
 9600        -3.69594    0.04457     -3.65136    344.84   0.00034     0.0         4.048     4.048     4.048     16.582    0.0         4074.72  0.0032     
 9700        -3.69496    0.03482     -3.66015    269.36   0.00031     0.0         4.048     4.048     4.048     16.582    0.0         3735.72  0.00309    
 9800        -3.70187    0.03796     -3.66391    293.65   0.00026     0.0         4.048     4.048     4.048     16.582    0.0         4287.23  0.00281    
 9900        -3.69588    0.03285     -3.66303    254.16   0.00032     0.0         4.048     4.048     4.048     16.582    0.0         3562.08  0.00314    
 10000       -3.69389    0.04042     -3.65347    312.67   0.00041     0.0         4.048     4.048     4.048     16.582    0.0         3497.71  0.00355    
 10100       -3.68214    0.03776     -3.64438    292.12   0.00045     0.0         4.048     4.048     4.048     16.582    0.0         3233.19  0.00371    

Time averages:
             Epot        Ekin        Etot        Temp     MSD         Self_diff   Pressure    Spec_heat   DebyeT   Lindemann  
             eV/atom     eV/atom     eV/atom     K        Å^2         mm^2/s      GPa         J/(K*Kg)    K        1          
             -3.69316    0.03761     -3.65555    290.97   0.00037     0.0         0.0         501.62678   3615.02  0.00334    