Material ID: Si_MTP_06_10_eq_2000_offset_2000_ranfor_10000
Unit cell composition: Si8
Material:  Si
Site positions of initial unit cell:
 Si         
 0.00000    
 0.00000    
 0.00000    
Properties:
 Time        Epot        Ekin        Etot        Temp     MSD         Self_diff   LC_a      LC_b      LC_c      Volume      Pressure    DebyeT   Lindemann 
 fs          eV/atom     eV/atom     eV/atom     K        Å^2         mm^2/s      Å         Å         Å         Å^3/atom    GPa        K        1          
 100         12.88887    4596626239.98798 4596626252.87685 35561100403572.42 0.24901     0.00415     3.84      3.84      3.84      40.048    0.0         47116548.41 0.06497    
 200         12.88887    3776771624.21645 3776771637.10532 29218419753544.2 0.31381     0.00262     3.84      3.84      3.84      40.048    0.0         38044440.73 0.07294    
 300         12.88887    3103144181.76625 3103144194.65512 24007003409274.33 0.21466     0.00119     3.84      3.84      3.84      40.048    0.0         41694910.9 0.06032    
 400         12.88887    2549664373.46691 2549664386.35578 19725090979010.16 0.27526     0.00115     3.84      3.84      3.84      40.048    0.0         33376002.28 0.06831    
 500         12.88887    2094906902.79931 2094906915.68818 16206928912013.94 0.23703     0.00079     3.84      3.84      3.84      40.048    0.0         32602139.01 0.06339    
 600         12.88887    1721257429.23798 1721257442.12685 13316246539480.81 0.36401     0.00101     3.84      3.84      3.84      40.048    0.0         23846791.53 0.07855    
 700         12.88887    1414252454.4917 1414252467.38057 10941149204750.14 0.189       0.00045     3.84      3.84      3.84      40.048    0.0         29998548.9 0.0566     
 800         12.88887    1162004017.24693 1162004030.1358 8989667501611.06 0.23524     0.00049     3.84      3.84      3.84      40.048    0.0         24372843.09 0.06315    
 900         12.88887    954748702.41909 954748715.30796 7386268252907.7 0.2412      0.00045     3.84      3.84      3.84      40.048    0.0         21818210.52 0.06394    
 1000        12.88887    784457490.35132 784457503.24019 6068836168152.46 0.31649     0.00053     3.84      3.84      3.84      40.048    0.0         17265139.92 0.07325    
 1100        12.88887    644541601.27872 644541614.16759 4986398153923.36 0.26719     0.0004      3.84      3.84      3.84      40.048    0.0         17032561.91 0.0673     
 1200        12.88887    529580755.20107 529580768.08995 4097021037663.13 0.22151     0.00031     3.84      3.84      3.84      40.048    0.0         16956268.5 0.06128    
 1300        12.88887    435125066.65072 435125079.5396 3366278956654.53 0.29195     0.00037     3.84      3.84      3.84      40.048    0.0         13388076.53 0.07035    
 1400        12.88887    357515489.38914 357515502.27801 2765864255700.92 0.26025     0.00031     3.84      3.84      3.84      40.048    0.0         12853395.85 0.06642    
 1500        12.88887    293748650.32304 293748663.21191 2272541795257.83 0.31495     0.00035     3.84      3.84      3.84      40.048    0.0         10590862.1 0.07307    
 1600        12.88887    241355496.75262 241355509.64149 1867210124309.86 0.24757     0.00026     3.84      3.84      3.84      40.048    0.0         10827782.52 0.06478    
 1700        12.88887    198306762.42509 198306775.31396 1534170132859.1 0.30202     0.0003      3.84      3.84      3.84      40.048    0.0         8886086.55 0.07155    
 1800        12.88887    162937091.49843 162937104.3873 1260538048500.74 0.17492     0.00016     3.84      3.84      3.84      40.048    0.0         10583996.08 0.05445    
 1900        12.88887    133876347.32756 133876360.21643 1035714017285.72 0.25868     0.00023     3.84      3.84      3.84      40.048    0.0         7889243.88 0.06622    
 2000        12.88887    109998661.89345 109998674.78232 850987932371.42 0.25353     0.00021     3.84      3.84      3.84      40.048    0.0         7223388.34 0.06556    
 2100        12.88887    90379516.97612 90379529.86499 699207399038.49 0.28325     0.00022     3.84      3.84      3.84      40.048    0.0         6194608.02 0.06929    
 2200        12.88887    74258905.21036 74258918.09923 574492735796.59 0.25261     0.00019     3.84      3.84      3.84      40.048    0.0         5945824.17 0.06544    
 2300        12.88887    61014194.02953 61014206.9184 472027040408.81 0.21182     0.00015     3.84      3.84      3.84      40.048    0.0         5885712.69 0.05992    
 2400        12.88887    50131355.6933 50131368.58217 387833615373.82 0.21265     0.00015     3.84      3.84      3.84      40.048    0.0         5324608.75 0.06004    
 2500        12.88887    41189977.87345 41189990.76232 318660004599.89 0.31815     0.00021     3.84      3.84      3.84      40.048    0.0         3945851.96 0.07344    
 2600        12.88887    33843392.49411 33843405.38298 261824263197.79 0.27345     0.00018     3.84      3.84      3.84      40.048    0.0         3857961.06 0.06808    
 2700        12.88887    27807004.85313 27807017.742 215124667501.2 0.27211     0.00017     3.84      3.84      3.84      40.048    0.0         3505606.47 0.06792    
 2800        12.88887    22847441.36276 22847454.25164 176755758211.94 0.25192     0.00015     3.84      3.84      3.84      40.048    0.0         3302522.11 0.06535    
 2900        12.88887    18772145.84555 18772158.73442 145227853723.82 0.26909     0.00015     3.84      3.84      3.84      40.048    0.0         2896465.52 0.06754    
 3000        12.88887    15424076.93938 15424089.82825 119326027402.89 0.15941     9e-05       3.84      3.84      3.84      40.048    0.0         3411136.85 0.05198    
 3100        12.88887    12672990.92514 12673003.81401 98042668508.06 0.22679     0.00012     3.84      3.84      3.84      40.048    0.0         2592331.72 0.062      
 3200        12.88887    10412521.1589 10412534.04777 80554887661.91 0.2542      0.00013     3.84      3.84      3.84      40.048    0.0         2219464.71 0.06564    
 3300        12.88887    8555347.31185 8555360.20072 66187144409.82 0.21776     0.00011     3.84      3.84      3.84      40.048    0.0         2173639.67 0.06076    
 3400        12.88887    7029374.41709 7029387.30596 54381686995.97 0.30687     0.00015     3.84      3.84      3.84      40.048    0.0         1659741.23 0.07212    
 3500        12.88887    5775626.52034 5775639.40922 44682256911.98 0.2928      0.00014     3.84      3.84      3.84      40.048    0.0         1540203.61 0.07045    
 3600        12.88887    4745486.00588 4745498.89475 36712731361.71 0.28065     0.00013     3.84      3.84      3.84      40.048    0.0         1426003.29 0.06897    
 3700        12.88887    3899124.8433 3899137.73217 30164986840.22 0.29267     0.00013     3.84      3.84      3.84      40.048    0.0         1265765.91 0.07044    
 3800        12.88887    3203724.11679 3203737.00566 24785124792.46 0.21934     0.0001      3.84      3.84      3.84      40.048    0.0         1325337.3 0.06098    
 3900        12.88887    2632356.94294 2632369.83181 20364829476.81 0.2684      0.00011     3.84      3.84      3.84      40.048    0.0         1086033.49 0.06745    
 4000        12.88887    2162860.07475 2162872.96362 16732638300.66 0.21588     9e-05       3.84      3.84      3.84      40.048    0.0         1097663.07 0.06049    
 4100        12.88887    1777136.91033 1777149.7992 13748549653.51 0.20221     8e-05       3.84      3.84      3.84      40.048    0.0         1028067.12 0.05855    
 4200        12.88887    1460176.35648 1460189.24535 11296432493.91 0.32679     0.00013     3.84      3.84      3.84      40.048    0.0         733040.2 0.07443    
 4300        12.88887    1199719.54872 1199732.4376 9281447979.65 0.17479     7e-05       3.84      3.84      3.84      40.048    0.0         908549.61 0.05443    
 4400        12.88887    985748.88082 985761.76969 7626096422.34 0.2429      9e-05       3.84      3.84      3.84      40.048    0.0         698603.78 0.06417    
 4500        12.88887    809912.75809 809925.64696 6265766978.86 0.22772     8e-05       3.84      3.84      3.84      40.048    0.0         654007.87 0.06213    
 4600        12.88887    665474.71528 665487.60415 5148344009.4 0.21559     8e-05       3.84      3.84      3.84      40.048    0.0         609276.96 0.06045    
 4700        12.88887    546768.34565 546781.23452 4229990219.31 0.19362     7e-05       3.84      3.84      3.84      40.048    0.0         582755.91 0.05729    
 4800        12.88887    449293.73709 449306.62596 3475892722.41 0.2231      8e-05       3.84      3.84      3.84      40.048    0.0         492125.79 0.0615     
 4900        12.88887    369157.409  369170.29787 2855930197.64 0.29269     0.0001      3.84      3.84      3.84      40.048    0.0         389457.85 0.07044    
 5000        12.88887    303314.47368 303327.36255 2346546334.04 0.30526     0.0001      3.84      3.84      3.84      40.048    0.0         345678.48 0.07194    
 5100        12.88887    249206.34745 249219.23632 1927947037.7 0.17555     6e-05       3.84      3.84      3.84      40.048    0.0         413179.78 0.05455    
 5200        12.88887    204771.65906 204784.54793 1584184823.27 0.17705     6e-05       3.84      3.84      3.84      40.048    0.0         372947.72 0.05478    
 5300        12.88887    168257.94935 168270.83822 1301702056.71 0.17598     6e-05       3.84      3.84      3.84      40.048    0.0         339094.61 0.05462    
 5400        12.88887    138231.24261 138244.13148 1069405002.85 0.26498     8e-05       3.84      3.84      3.84      40.048    0.0         250470.7 0.06702    
 5500        12.88887    113576.25034 113589.13921 878665401.76 0.30643     9e-05       3.84      3.84      3.84      40.048    0.0         211126.72 0.07207    
 5600        12.88887    93316.7561  93329.64498 721930903.21 0.35157     0.0001      3.84      3.84      3.84      40.048    0.0         178664.49 0.0772     
 5700        12.88887    76681.35531 76694.24418 593233652.86 0.24048     7e-05       3.84      3.84      3.84      40.048    0.0         195826.61 0.06385    
 5800        12.88887    63000.15408 63013.04295 487391118.52 0.17199     5e-05       3.84      3.84      3.84      40.048    0.0         209885.58 0.054      
 5900        12.88887    51754.26012 51767.14899 400388968.88 0.11397     3e-05       3.84      3.84      3.84      40.048    0.0         233685.42 0.04396    
 6000        12.88887    42511.5214  42524.41028 328883925.31 0.22826     6e-05       3.84      3.84      3.84      40.048    0.0         149657.52 0.0622     
 6100        12.88887    34924.32346 34937.21233 270186721.35 0.24955     7e-05       3.84      3.84      3.84      40.048    0.0         129732.18 0.06504    
 6200        12.88887    28691.46969 28704.35856 221967195.32 0.28437     8e-05       3.84      3.84      3.84      40.048    0.0         110153.48 0.06943    
 6300        12.88887    23578.84182 23591.73069 182414126.72 0.33953     9e-05       3.84      3.84      3.84      40.048    0.0         91387.23 0.07587    
 6400        12.88887    19377.68337 19390.57224 149912502.73 0.34312     9e-05       3.84      3.84      3.84      40.048    0.0         82411.82 0.07627    
 6500        12.88887    15927.12235 15940.01122 123217761.79 0.33842     9e-05       3.84      3.84      3.84      40.048    0.0         75232.44 0.07574    
 6600        12.88887    13089.43554 13102.32442 101264429.02 0.33942     9e-05       3.84      3.84      3.84      40.048    0.0         68100.76 0.07585    
 6700        12.88887    10753.95247 10766.84134 83196319.14 0.28251     7e-05       3.84      3.84      3.84      40.048    0.0         67659.2  0.0692     
 6800        12.88887    8834.49302  8847.38189  68346712.76 0.21459     5e-05       3.84      3.84      3.84      40.048    0.0         70363.36 0.06031    
 6900        12.88887    7255.32545  7268.21432  56129722.8 0.23889     6e-05       3.84      3.84      3.84      40.048    0.0         60434.85 0.06364    
 7000        12.88887    5961.14851  5974.03738  46117519.57 0.1789      4e-05       3.84      3.84      3.84      40.048    0.0         63302.51 0.05507    
 7100        12.88887    4895.61602  4908.50489  37874189.41 0.2633      6e-05       3.84      3.84      3.84      40.048    0.0         47286.75 0.06681    
 7200        12.88887    4021.4674   4034.35627  31111471.45 0.23683     5e-05       3.84      3.84      3.84      40.048    0.0         45189.2  0.06336    
 7300        12.88887    3305.41556  3318.30443  25571845.2 0.36481     8e-05       3.84      3.84      3.84      40.048    0.0         33009.69 0.07864    
 7400        12.88887    2716.50443  2729.3933   21015823.69 0.33368     8e-05       3.84      3.84      3.84      40.048    0.0         31289.9  0.07521    
 7500        12.88887    2231.2034   2244.09227  17261366.03 0.31493     7e-05       3.84      3.84      3.84      40.048    0.0         29189.22 0.07307    
 7600        12.88887    1835.48482  1848.37369  14199949.4 0.32172     7e-05       3.84      3.84      3.84      40.048    0.0         26193.65 0.07385    
 7700        12.88887    1509.24827  1522.13714  11676069.91 0.28236     6e-05       3.84      3.84      3.84      40.048    0.0         25353.66 0.06918    
 7800        12.88887    1239.90689  1252.79577  9592351.27 0.3038      6e-05       3.84      3.84      3.84      40.048    0.0         22154.58 0.07176    
 7900        12.88887    1017.73604  1030.62491  7873560.23 0.2853      6e-05       3.84      3.84      3.84      40.048    0.0         20712.33 0.06954    
 8000        12.88887    837.60685   850.49573   6480018.15 0.27938     6e-05       3.84      3.84      3.84      40.048    0.0         18988.06 0.06882    

Time averages:
             Epot        Ekin        Etot        Temp     MSD         Self_diff   Pressure    Spec_heat   DebyeT   Lindemann  
             eV/atom     eV/atom     eV/atom     K        Å^2         mm^2/s      GPa         J/(K*Kg)    K        1          
             12.88887    322144209.71168 322144222.60056 2492219725486.46 0.25893     0.00022     0.0         -124.90295  6214224.58 0.06589    