Material ID: Si_MTP_06_10000_eq_2000_offset_0_ranfor_10000
Unit cell composition: Si8
Material:  Si
Site positions of initial unit cell:
 Si         
 0.00000    
 0.00000    
 0.00000    
Properties:
 Time        Epot        Ekin        Etot        Temp     MSD         Self_diff   LC_a      LC_b      LC_c      Volume      Pressure    DebyeT   Lindemann 
 fs          eV/atom     eV/atom     eV/atom     K        Å^2         mm^2/s      Å         Å         Å         Å^3/atom    GPa        K        1          
 100         -1.91019    0.05581     -1.85437    431.8    0.0         0.0         3.84      3.84      3.84      40.048    0.0         0        0.0        
 200         -3.88215    0.60352     -3.27863    4669.05  0.09547     0.0008      3.84      3.84      3.84      40.048    0.0         871.9    0.04023    
 300         -4.23014    0.27124     -3.9589     2098.37  0.23302     0.00129     3.84      3.84      3.84      40.048    0.0         374.15   0.06285    
 400         -4.70007    0.28084     -4.41923    2172.69  0.21375     0.00089     3.84      3.84      3.84      40.048    0.0         397.51   0.06019    
 500         -4.87007    0.12873     -4.74134    995.89   0.1709      0.00057     3.84      3.84      3.84      40.048    0.0         300.98   0.05382    
 600         -4.93729    0.08746     -4.84982    676.64   0.19268     0.00054     3.84      3.84      3.84      40.048    0.0         233.64   0.05715    
 700         -5.04581    0.11252     -4.9333     870.46   0.18631     0.00044     3.84      3.84      3.84      40.048    0.0         269.49   0.0562     
 800         -5.07395    0.05035     -5.0236     389.52   0.19556     0.00041     3.84      3.84      3.84      40.048    0.0         175.96   0.05758    
 900         -5.13596    0.05524     -5.08072    427.32   0.19472     0.00036     3.84      3.84      3.84      40.048    0.0         184.7    0.05745    
 1000        -5.14379    0.02987     -5.11391    231.11   0.19073     0.00032     3.84      3.84      3.84      40.048    0.0         137.24   0.05686    
 1100        -5.14115    0.03567     -5.10548    275.95   0.19526     0.0003      3.84      3.84      3.84      40.048    0.0         148.22   0.05753    
 1200        -5.15473    0.02829     -5.12643    218.89   0.1979      0.00027     3.84      3.84      3.84      40.048    0.0         131.13   0.05792    
 1300        -5.14056    0.02177     -5.11879    168.45   0.19255     0.00025     3.84      3.84      3.84      40.048    0.0         116.62   0.05713    
 1400        -5.13852    0.0486      -5.08991    376.02   0.19405     0.00023     3.84      3.84      3.84      40.048    0.0         173.56   0.05735    
 1500        -5.1168     0.03226     -5.08455    249.55   0.19794     0.00022     3.84      3.84      3.84      40.048    0.0         139.99   0.05793    
 1600        -5.14524    0.04236     -5.10288    327.72   0.1932      0.0002      3.84      3.84      3.84      40.048    0.0         162.38   0.05723    
 1700        -5.13112    0.01255     -5.11858    97.06    0.19439     0.00019     3.84      3.84      3.84      40.048    0.0         88.1     0.0574     
 1800        -5.1446     0.03837     -5.10623    296.88   0.19555     0.00018     3.84      3.84      3.84      40.048    0.0         153.62   0.05758    
 1900        -5.12412    0.04094     -5.08318    316.73   0.19531     0.00017     3.84      3.84      3.84      40.048    0.0         158.77   0.05754    
 2000        -5.13672    0.04039     -5.09633    312.47   0.19364     0.00016     3.84      3.84      3.84      40.048    0.0         158.38   0.05729    
 2100        -5.13762    0.04604     -5.09157    356.19   0.19323     0.00015     3.84      3.84      3.84      40.048    0.0         169.28   0.05723    
 2200        -5.14955    0.03478     -5.11477    269.06   0.19698     0.00015     3.84      3.84      3.84      40.048    0.0         145.72   0.05779    
 2300        -5.14226    0.04231     -5.09995    327.33   0.19592     0.00014     3.84      3.84      3.84      40.048    0.0         161.15   0.05763    
 2400        -5.14191    0.05433     -5.08758    420.31   0.19252     0.00013     3.84      3.84      3.84      40.048    0.0         184.22   0.05713    
 2500        -5.12103    0.04879     -5.07224    377.48   0.19072     0.00013     3.84      3.84      3.84      40.048    0.0         175.41   0.05686    
 2600        -5.15336    0.04656     -5.1068     360.22   0.19611     0.00013     3.84      3.84      3.84      40.048    0.0         168.98   0.05766    
 2700        -5.13833    0.03307     -5.10526    255.84   0.19307     0.00012     3.84      3.84      3.84      40.048    0.0         143.52   0.05721    
 2800        -5.13291    0.04374     -5.08917    338.35   0.1929      0.00011     3.84      3.84      3.84      40.048    0.0         165.12   0.05718    
 2900        -5.14449    0.03008     -5.1144     232.73   0.19752     0.00011     3.84      3.84      3.84      40.048    0.0         135.34   0.05786    
 3000        -5.12873    0.03136     -5.09737    242.61   0.2011      0.00011     3.84      3.84      3.84      40.048    0.0         136.94   0.05839    
 3100        -5.1219     0.01905     -5.10285    147.35   0.19523     0.0001      3.84      3.84      3.84      40.048    0.0         108.32   0.05753    
 3200        -5.12047    0.02295     -5.09752    177.55   0.18967     0.0001      3.84      3.84      3.84      40.048    0.0         120.63   0.0567     
 3300        -5.12848    0.03083     -5.09765    238.49   0.19457     0.0001      3.84      3.84      3.84      40.048    0.0         138.03   0.05743    
 3400        -5.10451    0.02613     -5.07838    202.19   0.19564     0.0001      3.84      3.84      3.84      40.048    0.0         126.75   0.05759    
 3500        -5.13348    0.04517     -5.08831    349.46   0.19054     9e-05       3.84      3.84      3.84      40.048    0.0         168.85   0.05683    
 3600        -5.14828    0.04481     -5.10347    346.66   0.19138     9e-05       3.84      3.84      3.84      40.048    0.0         167.8    0.05696    
 3700        -5.13279    0.03585     -5.09693    277.37   0.19436     9e-05       3.84      3.84      3.84      40.048    0.0         148.94   0.0574     
 3800        -5.12642    0.03789     -5.08853    293.15   0.19401     9e-05       3.84      3.84      3.84      40.048    0.0         153.26   0.05735    
 3900        -5.13298    0.0468      -5.08618    362.08   0.1959      8e-05       3.84      3.84      3.84      40.048    0.0         169.5    0.05763    
 4000        -5.13422    0.03246     -5.10176    251.11   0.19485     8e-05       3.84      3.84      3.84      40.048    0.0         141.54   0.05747    
 4100        -5.14721    0.02791     -5.1193     215.91   0.19382     8e-05       3.84      3.84      3.84      40.048    0.0         131.59   0.05732    
 4200        -5.14907    0.03467     -5.1144     268.26   0.19251     8e-05       3.84      3.84      3.84      40.048    0.0         147.18   0.05713    
 4300        -5.13761    0.02633     -5.11128    203.7    0.19006     7e-05       3.84      3.84      3.84      40.048    0.0         129.07   0.05676    
 4400        -5.14265    0.03935     -5.1033     304.42   0.19152     7e-05       3.84      3.84      3.84      40.048    0.0         157.19   0.05698    
 4500        -5.11059    0.04374     -5.06685    338.38   0.1937      7e-05       3.84      3.84      3.84      40.048    0.0         164.79   0.0573     
 4600        -5.13399    0.0532      -5.08079    411.57   0.19055     7e-05       3.84      3.84      3.84      40.048    0.0         183.24   0.05683    
 4700        -5.14735    0.06101     -5.08634    472.01   0.19456     7e-05       3.84      3.84      3.84      40.048    0.0         194.2    0.05743    
 4800        -5.13458    0.05095     -5.08363    394.18   0.19275     7e-05       3.84      3.84      3.84      40.048    0.0         178.3    0.05716    
 4900        -5.12018    0.04639     -5.07379    358.88   0.19076     6e-05       3.84      3.84      3.84      40.048    0.0         171.01   0.05686    
 5000        -5.12681    0.04123     -5.08558    318.99   0.20006     7e-05       3.84      3.84      3.84      40.048    0.0         157.44   0.05823    
 5100        -5.13548    0.03016     -5.10531    233.37   0.19596     6e-05       3.84      3.84      3.84      40.048    0.0         136.06   0.05764    
 5200        -5.14701    0.02408     -5.12293    186.29   0.19417     6e-05       3.84      3.84      3.84      40.048    0.0         122.12   0.05737    
 5300        -5.15316    0.02773     -5.12544    214.5    0.19249     6e-05       3.84      3.84      3.84      40.048    0.0         131.61   0.05712    
 5400        -5.14846    0.03466     -5.1138     268.15   0.19542     6e-05       3.84      3.84      3.84      40.048    0.0         146.05   0.05756    
 5500        -5.12958    0.02487     -5.10471    192.4    0.1921      6e-05       3.84      3.84      3.84      40.048    0.0         124.78   0.05706    
 5600        -5.12617    0.04008     -5.0861     310.04   0.19757     6e-05       3.84      3.84      3.84      40.048    0.0         156.19   0.05787    
 5700        -5.14245    0.04008     -5.10237    310.05   0.19299     6e-05       3.84      3.84      3.84      40.048    0.0         158.03   0.0572     
 5800        -5.14686    0.03903     -5.10784    301.92   0.19305     6e-05       3.84      3.84      3.84      40.048    0.0         155.92   0.05721    
 5900        -5.14294    0.03382     -5.10912    261.65   0.19444     5e-05       3.84      3.84      3.84      40.048    0.0         144.63   0.05741    
 6000        -5.14332    0.01784     -5.12549    137.98   0.19281     5e-05       3.84      3.84      3.84      40.048    0.0         105.47   0.05717    
 6100        -5.14333    0.03609     -5.10724    279.22   0.19228     5e-05       3.84      3.84      3.84      40.048    0.0         150.25   0.05709    
 6200        -5.14429    0.02764     -5.11665    213.82   0.19081     5e-05       3.84      3.84      3.84      40.048    0.0         131.98   0.05687    
 6300        -5.14639    0.02139     -5.12501    165.47   0.19341     5e-05       3.84      3.84      3.84      40.048    0.0         115.32   0.05726    
 6400        -5.14548    0.03567     -5.10981    275.97   0.19172     5e-05       3.84      3.84      3.84      40.048    0.0         149.59   0.05701    
 6500        -5.13019    0.03828     -5.09191    296.13   0.19327     5e-05       3.84      3.84      3.84      40.048    0.0         154.33   0.05724    
 6600        -5.13188    0.03829     -5.0936     296.19   0.1904      5e-05       3.84      3.84      3.84      40.048    0.0         155.51   0.05681    
 6700        -5.13735    0.02918     -5.10817    225.76   0.19386     5e-05       3.84      3.84      3.84      40.048    0.0         134.55   0.05733    
 6800        -5.14393    0.02271     -5.12122    175.67   0.1949      5e-05       3.84      3.84      3.84      40.048    0.0         118.37   0.05748    
 6900        -5.11796    0.02059     -5.09737    159.31   0.19648     5e-05       3.84      3.84      3.84      40.048    0.0         112.27   0.05771    
 7000        -5.13862    0.04871     -5.08991    376.81   0.19192     5e-05       3.84      3.84      3.84      40.048    0.0         174.7    0.05704    
 7100        -5.13389    0.02794     -5.10595    216.16   0.19022     4e-05       3.84      3.84      3.84      40.048    0.0         132.91   0.05678    
 7200        -5.11108    0.03476     -5.07632    268.91   0.19355     4e-05       3.84      3.84      3.84      40.048    0.0         146.96   0.05728    
 7300        -5.14503    0.03656     -5.10846    282.88   0.19253     4e-05       3.84      3.84      3.84      40.048    0.0         151.13   0.05713    
 7400        -5.1318     0.01544     -5.11636    119.45   0.19698     4e-05       3.84      3.84      3.84      40.048    0.0         97.09    0.05779    
 7500        -5.14145    0.03908     -5.10237    302.34   0.19042     4e-05       3.84      3.84      3.84      40.048    0.0         157.1    0.05681    
 7600        -5.14202    0.04891     -5.09311    378.42   0.19204     4e-05       3.84      3.84      3.84      40.048    0.0         175.02   0.05706    
 7700        -5.11476    0.04546     -5.06929    351.73   0.19399     4e-05       3.84      3.84      3.84      40.048    0.0         167.88   0.05734    
 7800        -5.12946    0.04788     -5.08157    370.45   0.19532     4e-05       3.84      3.84      3.84      40.048    0.0         171.71   0.05754    
 7900        -5.12713    0.04374     -5.08338    338.42   0.19734     4e-05       3.84      3.84      3.84      40.048    0.0         163.27   0.05784    
 8000        -5.14804    0.04466     -5.10338    345.52   0.19343     4e-05       3.84      3.84      3.84      40.048    0.0         166.64   0.05726    
 8100        -5.13548    0.02666     -5.10882    206.26   0.19497     4e-05       3.84      3.84      3.84      40.048    0.0         128.24   0.05749    
 8200        -5.13269    0.0299      -5.10279    231.34   0.19547     4e-05       3.84      3.84      3.84      40.048    0.0         135.64   0.05756    
 8300        -5.15102    0.032       -5.11902    247.56   0.19338     4e-05       3.84      3.84      3.84      40.048    0.0         141.07   0.05726    
 8400        -5.14348    0.03712     -5.10636    287.17   0.20086     4e-05       3.84      3.84      3.84      40.048    0.0         149.08   0.05835    
 8500        -5.12997    0.04836     -5.08161    374.11   0.19783     4e-05       3.84      3.84      3.84      40.048    0.0         171.45   0.05791    
 8600        -5.12264    0.03146     -5.09117    243.41   0.19495     4e-05       3.84      3.84      3.84      40.048    0.0         139.32   0.05749    
 8700        -5.1017     0.03665     -5.06505    283.51   0.19189     4e-05       3.84      3.84      3.84      40.048    0.0         151.55   0.05703    
 8800        -5.09141    0.03998     -5.05143    309.29   0.19355     4e-05       3.84      3.84      3.84      40.048    0.0         157.61   0.05728    
 8900        -5.12689    0.04692     -5.07997    362.97   0.19364     4e-05       3.84      3.84      3.84      40.048    0.0         170.7    0.05729    
 9000        -5.13637    0.06167     -5.0747     477.1    0.19179     4e-05       3.84      3.84      3.84      40.048    0.0         196.64   0.05702    
 9100        -5.13722    0.02947     -5.10776    227.96   0.19617     4e-05       3.84      3.84      3.84      40.048    0.0         134.4    0.05767    
 9200        -5.14162    0.04119     -5.10043    318.64   0.19278     3e-05       3.84      3.84      3.84      40.048    0.0         160.29   0.05717    
 9300        -5.13638    0.03314     -5.10324    256.36   0.19585     4e-05       3.84      3.84      3.84      40.048    0.0         142.65   0.05762    
 9400        -5.13876    0.02829     -5.11047    218.85   0.1932      3e-05       3.84      3.84      3.84      40.048    0.0         132.7    0.05723    
 9500        -5.14453    0.03006     -5.11447    232.54   0.19167     3e-05       3.84      3.84      3.84      40.048    0.0         137.33   0.057      
 9600        -5.14468    0.04004     -5.10464    309.78   0.19398     3e-05       3.84      3.84      3.84      40.048    0.0         157.56   0.05734    
 9700        -5.14404    0.04971     -5.09433    384.58   0.19373     3e-05       3.84      3.84      3.84      40.048    0.0         175.67   0.05731    
 9800        -5.15357    0.03144     -5.12213    243.24   0.19207     3e-05       3.84      3.84      3.84      40.048    0.0         140.31   0.05706    
 9900        -5.1426     0.02554     -5.11706    197.61   0.19536     3e-05       3.84      3.84      3.84      40.048    0.0         125.4    0.05755    
 10000       -5.10664    0.03278     -5.07387    253.57   0.19537     3e-05       3.84      3.84      3.84      40.048    0.0         142.04   0.05755    
 10100       -5.12412    0.02934     -5.09478    227.02   0.20085     3e-05       3.84      3.84      3.84      40.048    0.0         132.55   0.05835    

Time averages:
             Epot        Ekin        Etot        Temp     MSD         Self_diff   Pressure    Spec_heat   DebyeT   Lindemann  
             eV/atom     eV/atom     eV/atom     K        Å^2         mm^2/s      GPa         J/(K*Kg)    K        1          
             -5.10322    0.04916     -5.05406    380.3    0.19335     0.00012     0.0         -1916.39974 164.49   0.05722    