Material ID: Si_MTP_10_10000_eq_2000_offset_0_ranfor_10000
Unit cell composition: Si8
Material:  Si
Site positions of initial unit cell:
 Si         
 0.00000    
 0.00000    
 0.00000    
Properties:
 Time        Epot        Ekin        Etot        Temp     MSD         Self_diff   LC_a      LC_b      LC_c      Volume      Pressure    DebyeT   Lindemann 
 fs          eV/atom     eV/atom     eV/atom     K        Å^2         mm^2/s      Å         Å         Å         Å^3/atom    GPa        K        1          
 100         25.52926    0.03958     25.56883    306.19   0.0         0.0         3.84      3.84      3.84      40.048    0.0         0        0.0        
 200         57.49867    5.53197158231577e+19 5.53197158231577e+19 4.2797257509663216e+23 0.27799     0.00232     3.84      3.84      3.84      40.048    0.0         4892048301595.65 0.06865    
 300         57.49867    4.545284804619198e+19 4.545284804619198e+19 3.5163905190672646e+23 0.19171     0.00107     3.84      3.84      3.84      40.048    0.0         5339687353317.32 0.05701    
 400         57.49867    3.734584252269235e+19 3.734584252269235e+19 2.8892043561256366e+23 0.20149     0.00084     3.84      3.84      3.84      40.048    0.0         4721231047266.82 0.05844    
 500         57.49867    3.0684808844126405e+19 3.0684808844126405e+19 2.3738836076723523e+23 0.31975     0.00107     3.84      3.84      3.84      40.048    0.0         3397203024387.45 0.07362    
 600         57.49867    2.5211842341958783e+19 2.5211842341958783e+19 1.9504758709374195e+23 0.2584      0.00072     3.84      3.84      3.84      40.048    0.0         3425472583133.92 0.06618    
 700         57.49867    2.0715038425203094e+19 2.0715038425203094e+19 1.602587469248826e+23 0.21862     0.00052     3.84      3.84      3.84      40.048    0.0         3375689506510.07 0.06088    
 800         57.49867    1.7020287971566625e+19 1.7020287971566625e+19 1.3167487149361523e+23 0.30228     0.00063     3.84      3.84      3.84      40.048    0.0         2602191193738.52 0.07158    
 900         57.49867    1.3984536098477838e+19 1.3984536098477838e+19 1.0818923843950689e+23 0.26721     0.00049     3.84      3.84      3.84      40.048    0.0         2508750339529.68 0.0673     
 1000        57.49867    1.1490243303486814e+19 1.1490243303486814e+19 8.889252126312514e+22 0.271       0.00045     3.84      3.84      3.84      40.048    0.0         2258096254713.96 0.06778    
 1100        57.49867    9.440834522212755e+18 9.440834522212755e+18 7.303758165440889e+22 0.2059      0.00031     3.84      3.84      3.84      40.048    0.0         2348241773509.55 0.05908    
 1200        57.49867    7.756959893676795e+18 7.756959893676795e+18 6.001054147187882e+22 0.25595     0.00036     3.84      3.84      3.84      40.048    0.0         1909100157603.72 0.06587    
 1300        57.49867    6.373422460818464e+18 6.373422460818464e+18 4.930701436454876e+22 0.21169     0.00027     3.84      3.84      3.84      40.048    0.0         1902804598708.16 0.0599     
 1400        57.49867    5.236653846465949e+18 5.236653846465949e+18 4.0512576722665264e+22 0.32994     0.00039     3.84      3.84      3.84      40.048    0.0         1381561217083.2 0.07479    
 1500        57.49867    4.3026401710017976e+18 4.3026401710017976e+18 3.328672185490528e+22 0.30452     0.00034     3.84      3.84      3.84      40.048    0.0         1303521967375.57 0.07185    
 1600        57.49867    3.5352179053012516e+18 3.5352179053012516e+18 2.7349676113595344e+22 0.27055     0.00028     3.84      3.84      3.84      40.048    0.0         1253567154480.38 0.06772    
 1700        57.49867    2.904673674941811e+18 2.904673674941811e+18 2.2471566492752213e+22 0.2491      0.00024     3.84      3.84      3.84      40.048    0.0         1184203647764.41 0.06498    
 1800        57.49867    2.386593806670266e+18 2.386593806670266e+18 1.8463520319147682e+22 0.21233     0.0002      3.84      3.84      3.84      40.048    0.0         1162639041992.77 0.05999    
 1900        57.49867    1.9609190689370734e+18 1.9609190689370734e+18 1.5170352396094184e+22 0.29734     0.00026     3.84      3.84      3.84      40.048    0.0         890559607904.13 0.071      
 2000        57.49867    1.6111680102637947e+18 1.6111680102637947e+18 1.2464556478745738e+22 0.1741      0.00015     3.84      3.84      3.84      40.048    0.0         1054959154136.6 0.05433    
 2100        57.49867    1.3237988239281917e+18 1.3237988239281917e+18 1.0241368437205074e+22 0.2438      0.00019     3.84      3.84      3.84      40.048    0.0         808085754744.09 0.06429    
 2200        57.49867    1.0876850304254898e+18 1.0876850304254898e+18 8.414709953560359e+21 0.31375     0.00024     3.84      3.84      3.84      40.048    0.0         645682326154.6 0.07293    
 2300        57.49867    8.936846777952078e+17 8.936846777952078e+17 6.913855705677905e+21 0.30929     0.00022     3.84      3.84      3.84      40.048    0.0         589480660293.28 0.07241    
 2400        57.49867    7.342863797578141e+17 7.342863797578141e+17 5.680694995034365e+21 0.35428     0.00025     3.84      3.84      3.84      40.048    0.0         499254930245.31 0.0775     
 2500        57.49867    6.033184868241216e+17 6.033184868241216e+17 4.66748179319885e+21 0.28343     0.00019     3.84      3.84      3.84      40.048    0.0         505952438438.14 0.06932    
 2600        57.49867    4.957101297708218e+17 4.9571012977082195e+17 3.834986090993166e+21 0.24724     0.00016     3.84      3.84      3.84      40.048    0.0         491041544536.75 0.06474    
 2700        57.49867    4.07294883400426e+17 4.0729488340042605e+17 3.1509749730058007e+21 0.3367      0.00021     3.84      3.84      3.84      40.048    0.0         381414423687.14 0.07555    
 2800        57.49867    3.3464944945555315e+17 3.346494494555532e+17 2.5889646124720125e+21 0.20934     0.00012     3.84      3.84      3.84      40.048    0.0         438456115794.7 0.05957    
 2900        57.49867    2.749611119445349e+17 2.7496111194453498e+17 2.127194859541831e+21 0.21838     0.00013     3.84      3.84      3.84      40.048    0.0         389123681256.88 0.06084    
 3000        57.49867    2.2591883301361293e+17 2.25918833013613e+17 1.7477867210443485e+21 0.24912     0.00014     3.84      3.84      3.84      40.048    0.0         330242800659.38 0.06498    
 3100        57.49867    1.8562377325854957e+17 1.8562377325854963e+17 1.4360501144758088e+21 0.32249     0.00017     3.84      3.84      3.84      40.048    0.0         263099069561.11 0.07394    
 3200        57.49867    1.5251577191332115e+17 1.525157719133212e+17 1.1799150931514826e+21 0.27365     0.00014     3.84      3.84      3.84      40.048    0.0         258894473310.83 0.06811    
 3300        57.49867    1.2531293958768787e+17 1.2531293958768794e+17 9.694645145993486e+20 0.29059     0.00015     3.84      3.84      3.84      40.048    0.0         227729467298.55 0.07019    
 3400        57.49867    1.0296202570534245e+17 1.0296202570534251e+17 7.965500657874815e+20 0.22966     0.00011     3.84      3.84      3.84      40.048    0.0         232195804120.07 0.0624     
 3500        57.49867    8.45976382709474e+16 8.459763827094746e+16 6.544767730486891e+20 0.23354     0.00011     3.84      3.84      3.84      40.048    0.0         208716993846.1 0.06292    
 3600        57.49867    6.95087373434724e+16 6.950873734347245e+16 5.377437839286299e+20 0.23565     0.00011     3.84      3.84      3.84      40.048    0.0         188341357020.82 0.0632     
 3700        57.49867    5.711110459999923e+16 5.711110459999929e+16 4.418313821497071e+20 0.24232     0.00011     3.84      3.84      3.84      40.048    0.0         168355444170.41 0.06409    
 3800        57.49867    4.692472332152733e+16 4.6924723321527384e+16 3.630259913085851e+20 0.14561     6e-05       3.84      3.84      3.84      40.048    0.0         196861476082.61 0.04968    
 3900        57.49867    3.8555192974973864e+16 3.855519297497392e+16 2.9827639161406816e+20 0.29549     0.00013     3.84      3.84      3.84      40.048    0.0         125266009426.06 0.07077    
 4000        57.49867    3.1678458598054144e+16 3.1678458598054204e+16 2.450755810937462e+20 0.26501     0.00011     3.84      3.84      3.84      40.048    0.0         119897415352.88 0.06703    
 4100        57.49867    2.602826395072588e+16 2.602826395072594e+16 2.0136370880675922e+20 0.24772     0.0001      3.84      3.84      3.84      40.048    0.0         112409217909.2 0.0648     
 4200        57.49867    2.1385842433789004e+16 2.138584243378906e+16 1.6544832020210968e+20 0.25252     0.0001      3.84      3.84      3.84      40.048    0.0         100920857966.4 0.06543    
 4300        57.49867    1.7571446855798132e+16 1.757144685579819e+16 1.3593882844751557e+20 0.24315     9e-05       3.84      3.84      3.84      40.048    0.0         93224004946.29 0.0642     
 4400        57.49867    1.4437389852235616e+16 1.4437389852235674e+16 1.1169267268991857e+20 0.25265     0.0001      3.84      3.84      3.84      40.048    0.0         82898515133.46 0.06544    
 4500        57.49867    1.186232570840297e+16 1.1862325708403028e+16 9.17710802472162e+19 0.24699     9e-05       3.84      3.84      3.84      40.048    0.0         75998965832.05 0.06471    
 4600        57.49867    9746552013117550.0 9746552013117608.0 7.540271856604565e+19 0.31451     0.00011     3.84      3.84      3.84      40.048    0.0         61048008187.43 0.07302    
 4700        57.49867    8008149372705174.0 8008149372705231.0 6.195383070569579e+19 0.25244     9e-05       3.84      3.84      3.84      40.048    0.0         61766081393.17 0.06542    
 4800        57.49867    6579809584605308.0 6579809584605366.0 5.090369698519353e+19 0.262       9e-05       3.84      3.84      3.84      40.048    0.0         54956563228.74 0.06664    
 4900        57.49867    5406229603764075.0 5406229603764132.0 4.182447380031548e+19 0.28734     0.0001      3.84      3.84      3.84      40.048    0.0         47567928471.47 0.06979    
 5000        57.49867    4441970264752840.5 4441970264752898.0 3.436462795264643e+19 0.21914     7e-05       3.84      3.84      3.84      40.048    0.0         49372924392.47 0.06095    
 5100        57.49867    3649696974943735.0 3649696974943792.5 2.82353260396756e+19 0.27192     9e-05       3.84      3.84      3.84      40.048    0.0         40176461555.92 0.06789    
 5200        57.49867    2998734170681537.5 2998734170681595.0 2.319925122463482e+19 0.19967     6e-05       3.84      3.84      3.84      40.048    0.0         42498106891.25 0.05818    
 5300        57.49867    2463877599443819.5 2463877599443877.0 1.906141463791579e+19 0.30084     9e-05       3.84      3.84      3.84      40.048    0.0         31383622682.41 0.07141    
 5400        57.49867    2024418467886112.5 2024418467886170.0 1.5661605846711736e+19 0.24477     8e-05       3.84      3.84      3.84      40.048    0.0         31537807810.04 0.06441    
 5500        57.49867    1663341609209012.5 1663341609209070.0 1.2868189598699266e+19 0.29834     9e-05       3.84      3.84      3.84      40.048    0.0         25893939782.82 0.07111    
 5600        57.49867    1366666700545329.5 1366666700545387.0 1.057300925046249e+19 0.25324     8e-05       3.84      3.84      3.84      40.048    0.0         25475676347.08 0.06552    
 5700        57.49867    1122906957406899.6 1122906957406957.1 8.687199039337428e+18 0.22869     7e-05       3.84      3.84      3.84      40.048    0.0         24299990373.7 0.06226    
 5800        57.49867    922624396009344.0 922624396009401.5 7.137743437969725e+18 0.26159     8e-05       3.84      3.84      3.84      40.048    0.0         20595236268.59 0.06659    
 5900        57.49867    758064387520619.8 758064387520677.4 5.864649938791608e+18 0.15487     4e-05       3.84      3.84      3.84      40.048    0.0         24262644619.76 0.05124    
 6000        57.49867    622855431975328.8 622855431975386.2 4.818626400532201e+18 0.21099     6e-05       3.84      3.84      3.84      40.048    0.0         18841882859.56 0.0598     
 6100        57.49867    511762450385423.1 511762450385480.7 3.9591724301216794e+18 0.26156     7e-05       3.84      3.84      3.84      40.048    0.0         15339567377.54 0.06659    
 6200        57.49867    420484099660298.06 420484099660355.56 3.2530113403705236e+18 0.18973     5e-05       3.84      3.84      3.84      40.048    0.0         16325525694.55 0.05671    
 6300        57.49867    345486228794382.56 345486228794440.06 2.672801709072775e+18 0.29933     8e-05       3.84      3.84      3.84      40.048    0.0         11781484102.57 0.07123    
 6400        57.49867    283865034919512.2 283865034919569.7 2.1960787065999882e+18 0.272       7e-05       3.84      3.84      3.84      40.048    0.0         11202912723.18 0.0679     
 6500        57.49867    233234645460082.9 233234645460140.38 1.80438439232756e+18 0.21476     6e-05       3.84      3.84      3.84      40.048    0.0         11428249087.52 0.06034    
 6600        57.49867    191634732829658.44 191634732829715.94 1.482552989773883e+18 0.20709     5e-05       3.84      3.84      3.84      40.048    0.0         10549210105.4 0.05925    
 6700        57.49867    157454611824157.28 157454611824214.78 1.2181236776168737e+18 0.28115     7e-05       3.84      3.84      3.84      40.048    0.0         8206695900.53 0.06904    
 6800        57.49867    129370884328079.16 129370884328136.66 1.0008581874391878e+18 0.29192     7e-05       3.84      3.84      3.84      40.048    0.0         7300425419.02 0.07035    
 6900        57.49867    106296191320142.56 106296191320200.06 8.223443314074671e+17 0.31499     8e-05       3.84      3.84      3.84      40.048    0.0         6370498599.07 0.07307    
 7000        57.49867    87337120017299.67 87337120017357.17 6.756703572884297e+17 0.21375     5e-05       3.84      3.84      3.84      40.048    0.0         7009866628.52 0.06019    
 7100        57.49867    71759602375744.22 71759602375801.72 5.551572592099523e+17 0.30719     7e-05       3.84      3.84      3.84      40.048    0.0         5300241433.84 0.07216    
 7200        57.49867    58960503712592.17 58960503712649.68 4.561389773500876e+17 0.21246     5e-05       3.84      3.84      3.84      40.048    0.0         5777049065.66 0.06001    
 7300        57.49867    48444262247806.805 48444262247864.31 3.747816733030172e+17 0.19591     4e-05       3.84      3.84      3.84      40.048    0.0         5453289318.28 0.05763    
 7400        57.49867    39803705475351.836 39803705475409.336 3.079353188496165e+17 0.21263     5e-05       3.84      3.84      3.84      40.048    0.0         4744738179.51 0.06004    
 7500        57.49867    32704285487021.094 32704285487078.594 2.5301173493585923e+17 0.27755     6e-05       3.84      3.84      3.84      40.048    0.0         3764390103.56 0.06859    
 7600        57.49867    26871123525690.145 26871123525747.645 2.0788436382775456e+17 0.24132     5e-05       3.84      3.84      3.84      40.048    0.0         3659375535.99 0.06396    
 7700        57.49867    22078368934864.184 22078368934921.684 1.7080594624153584e+17 0.29025     6e-05       3.84      3.84      3.84      40.048    0.0         3024540730.82 0.07014    
 7800        57.49867    18140453651588.684 18140453651646.184 1.403408630570286e+17 0.25759     6e-05       3.84      3.84      3.84      40.048    0.0         2910206884.43 0.06608    
 7900        57.49867    14904907939665.764 14904907939723.262 1.1530955532939834e+17 0.18892     4e-05       3.84      3.84      3.84      40.048    0.0         3080279616.9 0.05659    
 8000        57.49867    12246457005097.896 12246457005155.395 9.474285365160734e+16 0.31388     7e-05       3.84      3.84      3.84      40.048    0.0         2166142556.89 0.07294    
 8100        57.49867    10062169345254.723 10062169345312.22 7.784444409499947e+16 0.25626     5e-05       3.84      3.84      3.84      40.048    0.0         2173042799.66 0.06591    
 8200        57.49867    8267472964188.788 8267472964246.287 6.3960048264465144e+16 0.25375     5e-05       3.84      3.84      3.84      40.048    0.0         1979456652.72 0.06559    
 8300        57.49867    6792879959328.816 6792879959386.315 5.255208356112477e+16 0.33363     7e-05       3.84      3.84      3.84      40.048    0.0         1564793493.59 0.0752     
 8400        57.49867    5581296537244.9795 5581296537302.479 4.317885252806609e+16 0.18803     4e-05       3.84      3.84      3.84      40.048    0.0         1889356916.51 0.05646    
 8500        57.49867    4585812054442.873 4585812054500.372 3.5477438100423464e+16 0.20849     4e-05       3.84      3.84      3.84      40.048    0.0         1626415887.29 0.05945    
 8600        57.49867    3767883072113.2646 3767883072170.7627 2.9149654820899936e+16 0.25195     5e-05       3.84      3.84      3.84      40.048    0.0         1341079867.57 0.06535    
 8700        57.49867    3095840462609.4907 3095840462666.9893 2.3950499295889268e+16 0.28374     5e-05       3.84      3.84      3.84      40.048    0.0         1145493949.2 0.06935    
 8800        57.49867    2543663957112.725 2543663957170.2236 1.9678669669707696e+16 0.2403      5e-05       3.84      3.84      3.84      40.048    0.0         1128268993.85 0.06382    
 8900        57.49867    2089973980497.9602 2089973980555.459 1.6168766108235124e+16 0.25822     5e-05       3.84      3.84      3.84      40.048    0.0         986588649.01 0.06616    
 9000        57.49867    1717204587031.5188 1717204587089.0176 1.3284892341619376e+16 0.25527     5e-05       3.84      3.84      3.84      40.048    0.0         899437655.43 0.06578    
 9100        57.49867    1410922655756.2932 1410922655813.792 1.0915388722828988e+16 0.22977     4e-05       3.84      3.84      3.84      40.048    0.0         859336827.05 0.06241    
 9200        57.49867    1159269360624.8792 1159269360682.378 8968511246212255.0 0.18642     3e-05       3.84      3.84      3.84      40.048    0.0         864793936.17 0.05621    
 9300        57.49867    952501124080.7288 952501124138.2274 7368880204634383.0 0.20991     4e-05       3.84      3.84      3.84      40.048    0.0         738719821.48 0.05965    
 9400        57.49867    782612289170.5992 782612289228.0979 6054561049614102.0 0.21827     4e-05       3.84      3.84      3.84      40.048    0.0         656658493.67 0.06083    
 9500        57.49867    643024964036.9376 643024964094.4363 4974664920370139.0 0.20632     4e-05       3.84      3.84      3.84      40.048    0.0         612215094.21 0.05914    
 9600        57.49867    528334512933.5352 528334512991.0338 4087379673738954.0 0.23316     4e-05       3.84      3.84      3.84      40.048    0.0         522028023.21 0.06287    
 9700        57.49867    434100334310.4474 434100334367.9461 3358351270622026.0 0.28779     5e-05       3.84      3.84      3.84      40.048    0.0         425913698.21 0.06985    
 9800        57.49867    356673874502.42456 356673874559.9232 2759353230021391.0 0.22919     4e-05       3.84      3.84      3.84      40.048    0.0         432612214.16 0.06233    
 9900        57.49867    293057230926.3871 293057230983.88574 2267192734163528.0 0.26497     4e-05       3.84      3.84      3.84      40.048    0.0         364706234.98 0.06702    
 10000       57.49867    240787293275.9998 240787293333.49844 1862814304457058.0 0.33686     6e-05       3.84      3.84      3.84      40.048    0.0         293192083.81 0.07557    
 10100       57.49867    197840274072.6813 197840274130.18 1530561216608141.5 0.25169     4e-05       3.84      3.84      3.84      40.048    0.0         307456391.08 0.06532    

Time averages:
             Epot        Ekin        Etot        Temp     MSD         Self_diff   Pressure    Spec_heat   DebyeT   Lindemann  
             eV/atom     eV/atom     eV/atom     K        Å^2         mm^2/s      GPa         J/(K*Kg)    K        1          
             57.49867    3.101562744183676e+18 3.101562744183676e+18 2.3994768857731567e+22 0.25351     0.00016     0.0         -91.35697   551709548041.5 0.06531    