Material ID: Si_MTP_10_1000_eq_2000_offset_0_ranfor_10000
Unit cell composition: Si8
Material:  Si
Site positions of initial unit cell:
 Si         
 0.00000    
 0.00000    
 0.00000    
Properties:
 Time        Epot        Ekin        Etot        Temp     MSD         Self_diff   LC_a      LC_b      LC_c      Volume      Pressure    DebyeT   Lindemann 
 fs          eV/atom     eV/atom     eV/atom     K        Å^2         mm^2/s      Å         Å         Å         Å^3/atom    GPa        K        1          
 100         -1.67986    0.03395     -1.64591    262.66   0.0         0.0         3.84      3.84      3.84      40.048    0.0         0        0.0        
 200         -0.63118    4.18675516185328e+16 4.18675516185328e+16 3.239019509148279e+20 0.27991     0.00233     3.84      3.84      3.84      40.048    0.0         134119475652.97 0.06888    
 300         -0.63118    3.4400022378316988e+16 3.4400022378316988e+16 2.6613054571164526e+20 0.33006     0.00183     3.84      3.84      3.84      40.048    0.0         111954780552.25 0.0748     
 400         -0.63118    2.8264407488505652e+16 2.8264407488505652e+16 2.1866329348301822e+20 0.3148      0.00131     3.84      3.84      3.84      40.048    0.0         103911912176.1 0.07305    
 500         -0.63118    2.3223145665396468e+16 2.3223145665396468e+16 1.796623374573329e+20 0.26252     0.00088     3.84      3.84      3.84      40.048    0.0         103143130592.87 0.06671    
 600         -0.63118    1.9081047248491656e+16 1.9081047248491656e+16 1.4761762248711694e+20 0.23791     0.00066     3.84      3.84      3.84      40.048    0.0         98210500985.35 0.06351    
 700         -0.63118    1.5677736740438854e+16 1.5677736740438854e+16 1.2128842790772141e+20 0.2255      0.00054     3.84      3.84      3.84      40.048    0.0         91439456704.94 0.06183    
 800         -0.63118    1.2881443357341286e+16 1.2881443357341286e+16 9.965532907338198e+19 0.24208     0.0005      3.84      3.84      3.84      40.048    0.0         79995688380.83 0.06406    
 900         -0.63118    1.0583899047073482e+16 1.0583899047073482e+16 8.18807266512143e+19 0.22593     0.00042     3.84      3.84      3.84      40.048    0.0         75057853480.92 0.06189    
 1000        -0.63118    8696146537421358.0 8696146537421356.0 6.727641622265733e+19 0.24971     0.00042     3.84      3.84      3.84      40.048    0.0         64715565755.44 0.06506    
 1100        -0.63118    7145095040293043.0 7145095040293042.0 5.527694201249497e+19 0.24541     0.00037     3.84      3.84      3.84      40.048    0.0         59172011529.87 0.0645     
 1200        -0.63118    5870690298933540.0 5870690298933539.0 4.5417703389170975e+19 0.18893     0.00026     3.84      3.84      3.84      40.048    0.0         61129817279.68 0.05659    
 1300        -0.63118    4823589383684282.0 4823589383684281.0 3.731696627552024e+19 0.30003     0.00038     3.84      3.84      3.84      40.048    0.0         43970617080.78 0.07132    
 1400        -0.63118    3963250209278282.5 3963250209278282.5 3.0661082989639164e+19 0.26244     0.00031     3.84      3.84      3.84      40.048    0.0         42615903069.78 0.0667     
 1500        -0.63118    3256361801149137.0 3256361801149136.0 2.519234823872155e+19 0.29359     0.00033     3.84      3.84      3.84      40.048    0.0         36522549570.64 0.07055    
 1600        -0.63118    2675554565850174.5 2675554565850174.0 2.069902132214333e+19 0.28849     0.0003      3.84      3.84      3.84      40.048    0.0         33396721472.94 0.06993    
 1700        -0.63118    2198340561185360.5 2198340561185359.8 1.7007127692366567e+19 0.27213     0.00027     3.84      3.84      3.84      40.048    0.0         31168944803.99 0.06792    
 1800        -0.63118    1806242821227380.8 1806242821227380.0 1.3973723110249396e+19 0.16295     0.00015     3.84      3.84      3.84      40.048    0.0         36511202398.96 0.05256    
 1900        -0.63118    1484079937703305.5 1484079937703305.0 1.1481358917651042e+19 0.26087     0.00023     3.84      3.84      3.84      40.048    0.0         26156201194.06 0.0665     
 2000        -0.63118    1219378279077682.8 1219378279077682.0 9.433534759687193e+18 0.17355     0.00014     3.84      3.84      3.84      40.048    0.0         29068270991.77 0.05424    
 2100        -0.63118    1001889017556821.1 1001889017556820.5 7.750962137541083e+18 0.31849     0.00025     3.84      3.84      3.84      40.048    0.0         19450301140.13 0.07348    
 2200        -0.63118    823191310077423.0 823191310077422.2 6.368494478482575e+18 0.24018     0.00018     3.84      3.84      3.84      40.048    0.0         20302397889.49 0.06381    
 2300        -0.63118    676366264687615.9 676366264687615.2 5.232604826318978e+18 0.17857     0.00013     3.84      3.84      3.84      40.048    0.0         21342899056.45 0.05502    
 2400        -0.63118    555729048805952.3 555729048805951.6 4.2993133376495616e+18 0.25263     0.00018     3.84      3.84      3.84      40.048    0.0         16264799786.96 0.06544    
 2500        -0.63118    456608780310850.94 456608780310850.25 3.532484442726712e+18 0.21508     0.00014     3.84      3.84      3.84      40.048    0.0         15978281950.02 0.06038    
 2600        -0.63118    375167680295733.5 375167680295732.8 2.9024277482275415e+18 0.22502     0.00014     3.84      3.84      3.84      40.048    0.0         14160182273.9 0.06176    
 2700        -0.63118    308252478998092.7 308252478998092.06 2.3847484618044436e+18 0.30248     0.00019     3.84      3.84      3.84      40.048    0.0         11070410982.93 0.07161    
 2800        -0.63118    253272325951310.47 253272325951309.8 1.9594028625273718e+18 0.29074     0.00017     3.84      3.84      3.84      40.048    0.0         10235313023.1 0.0702     
 2900        -0.63118    208098476521036.38 208098476521035.75 1.6099222410161388e+18 0.21303     0.00012     3.84      3.84      3.84      40.048    0.0         10838575271.2 0.06009    
 3000        -0.63118    170981869348061.28 170981869348060.66 1.32277524985212e+18 0.30704     0.00017     3.84      3.84      3.84      40.048    0.0         8183453172.97 0.07214    
 3100        -0.63118    140485410064763.08 140485410064762.47 1.0868440268406835e+18 0.28527     0.00015     3.84      3.84      3.84      40.048    0.0         7695679093.81 0.06954    
 3200        -0.63118    115428321960990.62 115428321960989.98 8.929936723942572e+17 0.34883     0.00018     3.84      3.84      3.84      40.048    0.0         6308242280.4 0.0769     
 3300        -0.63118    94840436205993.22 94840436205992.6 7.337186227803352e+17 0.23249     0.00012     3.84      3.84      3.84      40.048    0.0         7004173922.86 0.06278    
 3400        -0.63118    77924621784327.81 77924621784327.19 6.028519950297581e+17 0.26703     0.00013     3.84      3.84      3.84      40.048    0.0         5924089238.11 0.06728    
 3500        -0.63118    64025925987411.02 64025925987410.39 4.9532684703900896e+17 0.20716     0.0001      3.84      3.84      3.84      40.048    0.0         6096606427.98 0.05926    
 3600        -0.63118    52606211688359.984 52606211688359.36 4.069799627011326e+17 0.28148     0.00013     3.84      3.84      3.84      40.048    0.0         4740885108.55 0.06908    
 3700        -0.63118    43223326889990.805 43223326889990.17 3.34390700279215e+17 0.18555     8e-05       3.84      3.84      3.84      40.048    0.0         5292904094.89 0.05608    
 3800        -0.63118    35513980629208.18 35513980629207.55 2.7474851444286694e+17 0.26256     0.00012     3.84      3.84      3.84      40.048    0.0         4033164230.51 0.06671    
 3900        -0.63118    29179679210889.168 29179679210888.54 2.2574415407879206e+17 0.23349     0.0001      3.84      3.84      3.84      40.048    0.0         3876761660.26 0.06291    
 4000        -0.63118    23975168991346.92 23975168991346.29 1.8548025164128506e+17 0.32267     0.00013     3.84      3.84      3.84      40.048    0.0         2989274351.58 0.07396    
 4100        -0.63118    19698939106521.69 19698939106521.06 1.5239784895208474e+17 0.25202     0.0001      3.84      3.84      3.84      40.048    0.0         3065967318.87 0.06536    
 4200        -0.63118    16185420751107.557 16185420751106.926 1.2521604810873328e+17 0.19302     8e-05       3.84      3.84      3.84      40.048    0.0         3175548246.4 0.0572     
 4300        -0.63118    13298576377709.227 13298576377708.596 1.028824152980363e+17 0.29661     0.00011     3.84      3.84      3.84      40.048    0.0         2322038387.96 0.07091    
 4400        -0.63118    10926631607272.932 10926631607272.3 8.453222502164912e+16 0.25235     0.0001      3.84      3.84      3.84      40.048    0.0         2281950923.53 0.0654     
 4500        -0.63118    8977749112322.668 8977749112322.037 6.945499175112932e+16 0.28133     0.0001      3.84      3.84      3.84      40.048    0.0         1959016420.84 0.06906    
 4600        -0.63118    7376470828498.653 7376470828498.022 5.7066945638144744e+16 0.20824     8e-05       3.84      3.84      3.84      40.048    0.0         2063949926.52 0.05941    
 4700        -0.63118    6060797774282.661 6060797774282.03 4.688844098352833e+16 0.21703     8e-05       3.84      3.84      3.84      40.048    0.0         1832577233.38 0.06066    
 4800        -0.63118    4979789198672.325 4979789198671.694 3.85253824080931e+16 0.28448     0.0001      3.84      3.84      3.84      40.048    0.0         1450904999.25 0.06944    
 4900        -0.63118    4091590137994.4463 4091590137993.8145 3.1653965345650504e+16 0.19168     7e-05       3.84      3.84      3.84      40.048    0.0         1602190686.89 0.057      
 5000        -0.63118    3361810935887.2344 3361810935886.603 2.6008139445600516e+16 0.19687     7e-05       3.84      3.84      3.84      40.048    0.0         1433047973.03 0.05777    
 5100        -0.63118    2762195696735.3677 2762195696734.7363 2.136930726527354e+16 0.25904     8e-05       3.84      3.84      3.84      40.048    0.0         1132419462.88 0.06627    
 5200        -0.63118    2269528401340.6606 2269528401340.0293 1.7557861600042888e+16 0.2259      7e-05       3.84      3.84      3.84      40.048    0.0         1099184527.86 0.06188    
 5300        -0.63118    1864733568528.3535 1864733568527.7227 1.442622788850505e+16 0.14811     5e-05       3.84      3.84      3.84      40.048    0.0         1230507569.31 0.05011    
 5400        -0.63118    1532138317033.8494 1532138317033.218 1.1853155266403318e+16 0.28295     9e-05       3.84      3.84      3.84      40.048    0.0         806963989.62 0.06926    
 5500        -0.63118    1258864963453.6567 1258864963453.0256 9739017492975914.0 0.15704     5e-05       3.84      3.84      3.84      40.048    0.0         981867347.68 0.05159    
 5600        -0.63118    1034332830245.9666 1034332830245.3353 8001958764257554.0 0.33107     0.0001      3.84      3.84      3.84      40.048    0.0         612957156.49 0.07491    
 5700        -0.63118    849848433141.9757 849848433141.3445 6574723260262193.0 0.25593     7e-05       3.84      3.84      3.84      40.048    0.0         631930132.71 0.06587    
 5800        -0.63118    698268818178.3468 698268818177.7156 5402050603093844.0 0.37085     0.00011     3.84      3.84      3.84      40.048    0.0         475854083.29 0.07929    
 5900        -0.63118    573725016951.9714 573725016951.3402 4438536410548730.0 0.29744     8e-05       3.84      3.84      3.84      40.048    0.0         481633739.0 0.07101    
 6000        -0.63118    471394957624.24915 471394957623.618 3646875456608265.5 0.26627     7e-05       3.84      3.84      3.84      40.048    0.0         461412929.05 0.06718    
 6100        -0.63118    387316559438.5632 387316559437.93207 2996415705575617.5 0.27288     7e-05       3.84      3.84      3.84      40.048    0.0         413151703.24 0.06801    
 6200        -0.63118    318234451861.81537 318234451861.1842 2461972478006706.5 0.22718     6e-05       3.84      3.84      3.84      40.048    0.0         410444051.47 0.06206    
 6300        -0.63118    261473907291.99417 261473907291.36295 2022853150259462.8 0.2985      8e-05       3.84      3.84      3.84      40.048    0.0         324569483.94 0.07113    
 6400        -0.63118    214837187636.83957 214837187636.20837 1662055255550810.5 0.26339     7e-05       3.84      3.84      3.84      40.048    0.0         313195745.98 0.06682    
 6500        -0.63118    176518641676.8212 176518641676.19 1365609647607128.2 0.23224     6e-05       3.84      3.84      3.84      40.048    0.0         302332212.08 0.06274    
 6600        -0.63118    145034643720.86688 145034643720.2357 1122038481720800.4 0.3355      8e-05       3.84      3.84      3.84      40.048    0.0         228007223.76 0.07541    
 6700        -0.63118    119166157496.9179 119166157496.28671 921910869017469.9 0.24528     6e-05       3.84      3.84      3.84      40.048    0.0         241716499.91 0.06448    
 6800        -0.63118    97911612115.94254 97911612115.31136 757478308512587.9 0.23718     6e-05       3.84      3.84      3.84      40.048    0.0         222814956.82 0.06341    
 6900        -0.63118    80448016921.1181 80448016920.48692 622373858051085.8 0.23382     6e-05       3.84      3.84      3.84      40.048    0.0         203414036.89 0.06296    
 7000        -0.63118    66099244697.94183 66099244697.31065 511366762182073.6 0.29305     7e-05       3.84      3.84      3.84      40.048    0.0         164699265.4 0.07048    
 7100        -0.63118    54309740043.44916 54309740042.81797 420159050952566.56 0.2492      6e-05       3.84      3.84      3.84      40.048    0.0         161893741.04 0.06499    
 7200        -0.63118    44623004492.38343 44623004491.75224 345219093355491.25 0.21241     5e-05       3.84      3.84      3.84      40.048    0.0         158946854.52 0.06001    
 7300        -0.63118    36664015690.62799 36664015689.9968 283645585936520.8 0.31127     7e-05       3.84      3.84      3.84      40.048    0.0         119017496.43 0.07264    
 7400        -0.63118    30124589460.97971 30124589460.34852 233054308640308.53 0.23769     5e-05       3.84      3.84      3.84      40.048    0.0         123458413.89 0.06348    
 7500        -0.63118    24751541719.25684 24751541718.62565 191486541273367.9 0.22614     5e-05       3.84      3.84      3.84      40.048    0.0         114729184.99 0.06191    
 7600        -0.63118    20336835432.73436 20336835432.10318 157332836945273.84 0.25583     6e-05       3.84      3.84      3.84      40.048    0.0         97774516.82 0.06585    
 7700        -0.63118    16709538414.44102 16709538413.80983 129270804766332.58 0.2572      6e-05       3.84      3.84      3.84      40.048    0.0         88391647.57 0.06603    
 7800        -0.63118    13729220476.19845 13729220475.56727 106214027925436.1 0.26405     6e-05       3.84      3.84      3.84      40.048    0.0         79075670.88 0.0669     
 7900        -0.63118    11280466624.41805 11280466623.78687 87269615863117.72 0.27371     6e-05       3.84      3.84      3.84      40.048    0.0         70401227.0 0.06812    
 8000        -0.63118    9268471369.23726 9268471368.60608 71704120313672.66 0.26821     6e-05       3.84      3.84      3.84      40.048    0.0         64465471.73 0.06743    
 8100        -0.63118    7615338528.581 7615338527.94982 58914909301559.99 0.26313     5e-05       3.84      3.84      3.84      40.048    0.0         58996336.53 0.06679    
 8200        -0.63118    6257062188.43469 6257062187.80351 48406810799327.59 0.23495     5e-05       3.84      3.84      3.84      40.048    0.0         56592222.22 0.06311    
 8300        -0.63118    5141046716.31169 5141046715.6805 39772926688660.78 0.25414     5e-05       3.84      3.84      3.84      40.048    0.0         49323648.69 0.06564    
 8400        -0.63118    4224087186.69479 4224087186.06361 32679008628704.65 0.20978     4e-05       3.84      3.84      3.84      40.048    0.0         49208660.66 0.05963    
 8500        -0.63118    3470671094.07405 3470671093.44286 26850319517052.26 0.30031     6e-05       3.84      3.84      3.84      40.048    0.0         37280619.2 0.07135    
 8600        -0.63118    2851637766.64822 2851637766.01704 22061262247561.3 0.24749     5e-05       3.84      3.84      3.84      40.048    0.0         37224665.89 0.06477    
 8700        -0.63118    2343019420.06903 2343019419.43784 18126413698759.35 0.27394     5e-05       3.84      3.84      3.84      40.048    0.0         32071595.95 0.06815    
 8800        -0.63118    1925115402.71594 1925115402.08475 14893362773089.9 0.22244     4e-05       3.84      3.84      3.84      40.048    0.0         32261571.86 0.06141    
 8900        -0.63118    1581752000.8526 1581752000.22142 12236983991984.98 0.30798     6e-05       3.84      3.84      3.84      40.048    0.0         24852360.35 0.07226    
 9000        -0.63118    1299629960.80564 1299629960.17445 10054389700351.4 0.21403     4e-05       3.84      3.84      3.84      40.048    0.0         27022829.25 0.06023    
 9100        -0.63118    1067826957.74446 1067826957.11328 8261080991891.01 0.21143     4e-05       3.84      3.84      3.84      40.048    0.0         24644817.19 0.05987    
 9200        -0.63118    877367609.34488 877367608.7137 6787621185149.34 0.23799     4e-05       3.84      3.84      3.84      40.048    0.0         21056075.03 0.06352    
 9300        -0.63118    720879131.11826 720879130.48707 5576971853296.34 0.33035     6e-05       3.84      3.84      3.84      40.048    0.0         16199557.87 0.07483    
 9400        -0.63118    592302302.22371 592302301.59253 4582256755054.23 0.28087     5e-05       3.84      3.84      3.84      40.048    0.0         15924923.14 0.069      
 9500        -0.63118    486658068.81399 486658068.18281 3764956196949.41 0.21322     4e-05       3.84      3.84      3.84      40.048    0.0         16567515.34 0.06012    
 9600        -0.63118    399857942.63713 399857942.00594 3093440210906.08 0.25279     4e-05       3.84      3.84      3.84      40.048    0.0         13792300.56 0.06546    
 9700        -0.63118    328538850.83873 328538850.20754 2541690894837.86 0.27809     5e-05       3.84      3.84      3.84      40.048    0.0         11919572.91 0.06866    
 9800        -0.63118    269940835.07066 269940834.43948 2088356250387.03 0.27397     5e-05       3.84      3.84      3.84      40.048    0.0         10885403.89 0.06815    
 9900        -0.63118    221793248.64953 221793248.01834 1715869764534.29 0.2271      4e-05       3.84      3.84      3.84      40.048    0.0         10837433.69 0.06205    
 10000       -0.63118    182233656.73261 182233656.10143 1409822993134.09 0.28757     5e-05       3.84      3.84      3.84      40.048    0.0         8729784.47 0.06982    
 10100       -0.63118    149730627.79206 149730627.16088 1158368248887.1 0.25895     4e-05       3.84      3.84      3.84      40.048    0.0         8338900.25 0.06625    

Time averages:
             Epot        Ekin        Etot        Temp     MSD         Self_diff   Pressure    Spec_heat   DebyeT   Lindemann  
             eV/atom     eV/atom     eV/atom     K        Å^2         mm^2/s      GPa         J/(K*Kg)    K        1          
             -0.63118    2347351869670364.5 2347351869670363.0 1.8159931036742195e+19 0.2553      0.00016     0.0         -91.35697   14976171518.84 0.06555    