Material ID: Si_MTP_06_100_eq_2000_offset_0_ranfor_10000
Unit cell composition: Si8
Material:  Si
Site positions of initial unit cell:
 Si         
 0.00000    
 0.00000    
 0.00000    
Properties:
 Time        Epot        Ekin        Etot        Temp     MSD         Self_diff   LC_a      LC_b      LC_c      Volume      Pressure    DebyeT   Lindemann 
 fs          eV/atom     eV/atom     eV/atom     K        Å^2         mm^2/s      Å         Å         Å         Å^3/atom    GPa        K        1          
 100         -1.97748    0.05444     -1.92305    421.14   0.0         0.0         3.84      3.84      3.84      40.048    0.0         0        0.0        
 200         -4.94755    1.30589     -3.64166    10102.81 0.10531     0.00088     3.84      3.84      3.84      40.048    0.0         1221.17  0.04225    
 300         -5.75069    0.60251     -5.14819    4661.19  0.16551     0.00092     3.84      3.84      3.84      40.048    0.0         661.65   0.05297    
 400         -6.15196    0.34946     -5.80251    2703.51  0.16762     0.0007      3.84      3.84      3.84      40.048    0.0         500.71   0.05331    
 500         -6.31887    0.15731     -6.16156    1217.03  0.17912     0.0006      3.84      3.84      3.84      40.048    0.0         325.0    0.0551     
 600         -6.42238    0.10781     -6.31457    834.09   0.19936     0.00055     3.84      3.84      3.84      40.048    0.0         255.02   0.05813    
 700         -6.45394    0.05354     -6.4004     414.22   0.19792     0.00047     3.84      3.84      3.84      40.048    0.0         180.37   0.05792    
 800         -6.46904    0.04629     -6.42274    358.13   0.19527     0.00041     3.84      3.84      3.84      40.048    0.0         168.85   0.05753    
 900         -6.47646    0.03747     -6.43898    289.9    0.20203     0.00037     3.84      3.84      3.84      40.048    0.0         149.35   0.05852    
 1000        -6.49151    0.05597     -6.43554    433.0    0.20203     0.00034     3.84      3.84      3.84      40.048    0.0         182.53   0.05852    
 1100        -6.49256    0.04608     -6.44648    356.49   0.19042     0.00029     3.84      3.84      3.84      40.048    0.0         170.59   0.05681    
 1200        -6.47628    0.02506     -6.45122    193.86   0.20056     0.00028     3.84      3.84      3.84      40.048    0.0         122.58   0.05831    
 1300        -6.4941     0.05589     -6.4382     432.41   0.20145     0.00026     3.84      3.84      3.84      40.048    0.0         182.66   0.05844    
 1400        -6.49088    0.06449     -6.42639    498.88   0.20421     0.00024     3.84      3.84      3.84      40.048    0.0         194.87   0.05884    
 1500        -6.47996    0.04465     -6.43531    345.46   0.20246     0.00022     3.84      3.84      3.84      40.048    0.0         162.86   0.05858    
 1600        -6.47701    0.0357      -6.44131    276.18   0.19329     0.0002      3.84      3.84      3.84      40.048    0.0         149.03   0.05724    
 1700        -6.49576    0.03503     -6.46073    271.01   0.19956     0.0002      3.84      3.84      3.84      40.048    0.0         145.29   0.05816    
 1800        -6.46943    0.04477     -6.42466    346.37   0.20073     0.00019     3.84      3.84      3.84      40.048    0.0         163.78   0.05833    
 1900        -6.47109    0.03578     -6.4353     276.84   0.20384     0.00018     3.84      3.84      3.84      40.048    0.0         145.3    0.05878    
 2000        -6.47354    0.04153     -6.43201    321.33   0.20143     0.00017     3.84      3.84      3.84      40.048    0.0         157.47   0.05843    
 2100        -6.45943    0.02638     -6.43306    204.07   0.1934      0.00015     3.84      3.84      3.84      40.048    0.0         128.07   0.05726    
 2200        -6.4852     0.04161     -6.44359    321.92   0.19724     0.00015     3.84      3.84      3.84      40.048    0.0         159.29   0.05782    
 2300        -6.48971    0.04455     -6.44516    344.67   0.19593     0.00014     3.84      3.84      3.84      40.048    0.0         165.37   0.05763    
 2400        -6.48445    0.04226     -6.44219    326.95   0.19973     0.00014     3.84      3.84      3.84      40.048    0.0         159.52   0.05819    
 2500        -6.49033    0.03805     -6.45228    294.33   0.19479     0.00013     3.84      3.84      3.84      40.048    0.0         153.26   0.05746    
 2600        -6.47888    0.02415     -6.45473    186.8    0.20568     0.00013     3.84      3.84      3.84      40.048    0.0         118.82   0.05905    
 2700        -6.47673    0.02524     -6.45149    195.29   0.195       0.00012     3.84      3.84      3.84      40.048    0.0         124.77   0.05749    
 2800        -6.48582    0.02806     -6.45776    217.08   0.2025      0.00012     3.84      3.84      3.84      40.048    0.0         129.09   0.05859    
 2900        -6.48971    0.02494     -6.46477    192.92   0.19873     0.00011     3.84      3.84      3.84      40.048    0.0         122.84   0.05804    
 3000        -6.49314    0.02111     -6.47203    163.31   0.19781     0.00011     3.84      3.84      3.84      40.048    0.0         113.29   0.05791    
 3100        -6.47878    0.01811     -6.46067    140.09   0.1961      0.00011     3.84      3.84      3.84      40.048    0.0         105.38   0.05766    
 3200        -6.48485    0.04129     -6.44356    319.43   0.19918     0.0001      3.84      3.84      3.84      40.048    0.0         157.89   0.05811    
 3300        -6.46672    0.03506     -6.43166    271.27   0.19824     0.0001      3.84      3.84      3.84      40.048    0.0         145.85   0.05797    
 3400        -6.48742    0.04437     -6.44305    343.26   0.19814     0.0001      3.84      3.84      3.84      40.048    0.0         164.11   0.05795    
 3500        -6.47078    0.027       -6.44377    208.91   0.19022     9e-05       3.84      3.84      3.84      40.048    0.0         130.66   0.05678    
 3600        -6.47911    0.03213     -6.44698    248.58   0.19752     9e-05       3.84      3.84      3.84      40.048    0.0         139.87   0.05786    
 3700        -6.47838    0.02679     -6.45159    207.27   0.20191     9e-05       3.84      3.84      3.84      40.048    0.0         126.32   0.0585     
 3800        -6.48914    0.02911     -6.46003    225.2    0.20171     9e-05       3.84      3.84      3.84      40.048    0.0         131.74   0.05847    
 3900        -6.49601    0.03807     -6.45794    294.55   0.1931      8e-05       3.84      3.84      3.84      40.048    0.0         153.99   0.05721    
 4000        -6.46942    0.01605     -6.45337    124.16   0.20945     9e-05       3.84      3.84      3.84      40.048    0.0         95.99    0.05959    
 4100        -6.48902    0.02891     -6.46011    223.66   0.1985      8e-05       3.84      3.84      3.84      40.048    0.0         132.35   0.05801    
 4200        -6.49556    0.02054     -6.47502    158.93   0.20261     8e-05       3.84      3.84      3.84      40.048    0.0         110.43   0.0586     
 4300        -6.48332    0.01124     -6.47209    86.95    0.19895     8e-05       3.84      3.84      3.84      40.048    0.0         82.42    0.05807    
 4400        -6.48207    0.03285     -6.44921    254.16   0.19364     7e-05       3.84      3.84      3.84      40.048    0.0         142.84   0.05729    
 4500        -6.48362    0.03842     -6.4452     297.26   0.20376     8e-05       3.84      3.84      3.84      40.048    0.0         150.59   0.05877    
 4600        -6.48018    0.03702     -6.44316    286.4    0.19607     7e-05       3.84      3.84      3.84      40.048    0.0         150.69   0.05765    
 4700        -6.47012    0.02148     -6.44864    166.17   0.19974     7e-05       3.84      3.84      3.84      40.048    0.0         113.72   0.05819    
 4800        -6.46764    0.0332      -6.43444    256.85   0.19915     7e-05       3.84      3.84      3.84      40.048    0.0         141.59   0.0581     
 4900        -6.4752     0.03162     -6.44358    244.61   0.20267     7e-05       3.84      3.84      3.84      40.048    0.0         136.97   0.05861    
 5000        -6.47783    0.04278     -6.43505    330.98   0.19167     6e-05       3.84      3.84      3.84      40.048    0.0         163.84   0.057      
 5100        -6.46839    0.04003     -6.42837    309.67   0.19046     6e-05       3.84      3.84      3.84      40.048    0.0         158.98   0.05682    
 5200        -6.48729    0.0472      -6.44009    365.13   0.20147     6e-05       3.84      3.84      3.84      40.048    0.0         167.84   0.05844    
 5300        -6.47719    0.02524     -6.45195    195.25   0.19801     6e-05       3.84      3.84      3.84      40.048    0.0         123.81   0.05794    
 5400        -6.49235    0.01877     -6.47358    145.2    0.20241     6e-05       3.84      3.84      3.84      40.048    0.0         105.6    0.05858    
 5500        -6.47907    0.02182     -6.45725    168.84   0.18883     6e-05       3.84      3.84      3.84      40.048    0.0         117.9    0.05658    
 5600        -6.48224    0.04521     -6.43703    349.73   0.20635     6e-05       3.84      3.84      3.84      40.048    0.0         162.31   0.05914    
 5700        -6.48425    0.04276     -6.4415     330.79   0.20151     6e-05       3.84      3.84      3.84      40.048    0.0         159.75   0.05845    
 5800        -6.4725     0.02811     -6.44439    217.49   0.19476     6e-05       3.84      3.84      3.84      40.048    0.0         131.75   0.05746    
 5900        -6.46882    0.04608     -6.42274    356.48   0.2033      6e-05       3.84      3.84      3.84      40.048    0.0         165.1    0.0587     
 6000        -6.46062    0.02741     -6.43322    212.03   0.19968     6e-05       3.84      3.84      3.84      40.048    0.0         128.48   0.05818    
 6100        -6.47232    0.0317      -6.44063    245.21   0.19317     5e-05       3.84      3.84      3.84      40.048    0.0         140.47   0.05722    
 6200        -6.48049    0.03919     -6.4413     303.19   0.1951      5e-05       3.84      3.84      3.84      40.048    0.0         155.42   0.05751    
 6300        -6.48838    0.04068     -6.4477     314.74   0.19097     5e-05       3.84      3.84      3.84      40.048    0.0         160.06   0.0569     
 6400        -6.4928     0.02601     -6.46679    201.26   0.20394     5e-05       3.84      3.84      3.84      40.048    0.0         123.86   0.0588     
 6500        -6.48707    0.04225     -6.44482    326.83   0.19535     5e-05       3.84      3.84      3.84      40.048    0.0         161.27   0.05754    
 6600        -6.47841    0.04502     -6.43339    348.27   0.20716     5e-05       3.84      3.84      3.84      40.048    0.0         161.66   0.05926    
 6700        -6.47686    0.02231     -6.45454    172.63   0.19206     5e-05       3.84      3.84      3.84      40.048    0.0         118.2    0.05706    
 6800        -6.48726    0.03783     -6.44943    292.64   0.20039     5e-05       3.84      3.84      3.84      40.048    0.0         150.67   0.05828    
 6900        -6.47848    0.03863     -6.43986    298.85   0.20526     5e-05       3.84      3.84      3.84      40.048    0.0         150.44   0.05899    
 7000        -6.46907    0.02894     -6.44013    223.88   0.19826     5e-05       3.84      3.84      3.84      40.048    0.0         132.49   0.05797    
 7100        -6.48583    0.03029     -6.45554    234.36   0.19517     5e-05       3.84      3.84      3.84      40.048    0.0         136.62   0.05752    
 7200        -6.48208    0.03403     -6.44805    263.25   0.20081     5e-05       3.84      3.84      3.84      40.048    0.0         142.75   0.05834    
 7300        -6.4513     0.03792     -6.41338    293.35   0.19848     5e-05       3.84      3.84      3.84      40.048    0.0         151.57   0.05801    
 7400        -6.48307    0.02138     -6.46169    165.37   0.20783     5e-05       3.84      3.84      3.84      40.048    0.0         111.22   0.05935    
 7500        -6.46907    0.03352     -6.43555    259.36   0.19934     4e-05       3.84      3.84      3.84      40.048    0.0         142.21   0.05813    
 7600        -6.4912     0.04634     -6.44486    358.49   0.20461     4e-05       3.84      3.84      3.84      40.048    0.0         165.03   0.05889    
 7700        -6.4897     0.03202     -6.45769    247.69   0.20034     4e-05       3.84      3.84      3.84      40.048    0.0         138.63   0.05828    
 7800        -6.47903    0.02315     -6.45588    179.09   0.20683     4e-05       3.84      3.84      3.84      40.048    0.0         116.02   0.05921    
 7900        -6.46574    0.02854     -6.4372     220.79   0.1908      4e-05       3.84      3.84      3.84      40.048    0.0         134.12   0.05687    
 8000        -6.47744    0.04262     -6.43482    329.71   0.19437     4e-05       3.84      3.84      3.84      40.048    0.0         162.38   0.0574     
 8100        -6.4859     0.03668     -6.44922    283.76   0.19287     4e-05       3.84      3.84      3.84      40.048    0.0         151.23   0.05718    
 8200        -6.48002    0.03737     -6.44265    289.1    0.19983     4e-05       3.84      3.84      3.84      40.048    0.0         149.96   0.0582     
 8300        -6.48285    0.03022     -6.45262    233.82   0.19102     4e-05       3.84      3.84      3.84      40.048    0.0         137.94   0.0569     
 8400        -6.48794    0.0367      -6.45125    283.89   0.1993      4e-05       3.84      3.84      3.84      40.048    0.0         148.81   0.05812    
 8500        -6.48312    0.02459     -6.45853    190.23   0.19429     4e-05       3.84      3.84      3.84      40.048    0.0         123.37   0.05739    
 8600        -6.47877    0.02786     -6.45091    215.54   0.20654     4e-05       3.84      3.84      3.84      40.048    0.0         127.37   0.05917    
 8700        -6.48486    0.03003     -6.45483    232.35   0.1921      4e-05       3.84      3.84      3.84      40.048    0.0         137.12   0.05707    
 8800        -6.48476    0.03184     -6.45292    246.34   0.19879     4e-05       3.84      3.84      3.84      40.048    0.0         138.79   0.05805    
 8900        -6.48284    0.03137     -6.45147    242.68   0.20743     4e-05       3.84      3.84      3.84      40.048    0.0         134.86   0.0593     
 9000        -6.48085    0.03968     -6.44118    306.95   0.1922      4e-05       3.84      3.84      3.84      40.048    0.0         157.56   0.05708    
 9100        -6.48209    0.03118     -6.45091    241.24   0.20585     4e-05       3.84      3.84      3.84      40.048    0.0         134.97   0.05907    
 9200        -6.47206    0.02816     -6.4439     217.83   0.1929      3e-05       3.84      3.84      3.84      40.048    0.0         132.49   0.05718    
 9300        -6.46828    0.03311     -6.43516    256.19   0.20869     4e-05       3.84      3.84      3.84      40.048    0.0         138.14   0.05948    
 9400        -6.47995    0.04651     -6.43344    359.82   0.20211     4e-05       3.84      3.84      3.84      40.048    0.0         166.36   0.05853    
 9500        -6.49439    0.02396     -6.47042    185.38   0.19391     3e-05       3.84      3.84      3.84      40.048    0.0         121.91   0.05733    
 9600        -6.48935    0.02625     -6.4631     203.09   0.20783     4e-05       3.84      3.84      3.84      40.048    0.0         123.25   0.05935    
 9700        -6.48955    0.04053     -6.44902    313.59   0.19396     3e-05       3.84      3.84      3.84      40.048    0.0         158.53   0.05734    
 9800        -6.47167    0.01792     -6.45375    138.65   0.19642     3e-05       3.84      3.84      3.84      40.048    0.0         104.75   0.0577     
 9900        -6.48482    0.02655     -6.45827    205.42   0.20077     3e-05       3.84      3.84      3.84      40.048    0.0         126.11   0.05834    
 10000       -6.46878    0.0337      -6.43508    260.73   0.20696     3e-05       3.84      3.84      3.84      40.048    0.0         139.94   0.05923    
 10100       -6.49057    0.0397      -6.45088    307.11   0.19197     3e-05       3.84      3.84      3.84      40.048    0.0         157.7    0.05704    

Time averages:
             Epot        Ekin        Etot        Temp     MSD         Self_diff   Pressure    Spec_heat   DebyeT   Lindemann  
             eV/atom     eV/atom     eV/atom     K        Å^2         mm^2/s      GPa         J/(K*Kg)    K        1          
             -6.45223    0.05767     -6.39457    446.12   0.19708     0.00012     0.0         -146.20174  164.78   0.05777    