Material ID: Al_MTP_06_60_eq_2000_ranfor_10000
Unit cell composition: Al32
Material:  Al
Site positions of initial unit cell:
 Al          Al          Al          Al         
 0.00000     0.00000     2.02395     2.02395    
 0.00000     2.02395     0.00000     2.02395    
 0.00000     2.02395     2.02395     0.00000    
Properties:
 Time        Epot        Ekin        Etot        Temp     MSD         Self_diff   LC_a      LC_b      LC_c      Volume      Pressure    DebyeT   Lindemann 
 fs          eV/atom     eV/atom     eV/atom     K        Å^2         mm^2/s      Å         Å         Å         Å^3/atom    GPa        K        1          
 100         -3.72522    0.03552     -3.6897     274.78   0.0         0.0         4.048     4.048     4.048     16.582    0.0         inf      0.0        
 200         -3.69716    0.02979     -3.66737    230.5    0.02128     0.00018     4.048     4.048     4.048     16.582    0.0         418.65   0.02548    
 300         -3.70604    0.03603     -3.67001    278.75   0.01503     8e-05       4.048     4.048     4.048     16.582    0.0         547.78   0.02142    
 400         -3.70128    0.02804     -3.67325    216.89   0.01933     8e-05       4.048     4.048     4.048     16.582    0.0         426.07   0.02429    
 500         -3.70069    0.02402     -3.67667    185.79   0.02085     7e-05       4.048     4.048     4.048     16.582    0.0         379.74   0.02522    
 600         -3.69344    0.03551     -3.65793    274.74   0.02389     7e-05       4.048     4.048     4.048     16.582    0.0         431.39   0.027      
 700         -3.68825    0.03969     -3.64856    307.08   0.03104     7e-05       4.048     4.048     4.048     16.582    0.0         400.08   0.03078    
 800         -3.69269    0.03558     -3.6571     275.29   0.02468     5e-05       4.048     4.048     4.048     16.582    0.0         424.8    0.02745    
 900         -3.68961    0.03698     -3.65263    286.11   0.02874     5e-05       4.048     4.048     4.048     16.582    0.0         401.32   0.02962    
 1000        -3.68846    0.03753     -3.65093    290.34   0.02941     5e-05       4.048     4.048     4.048     16.582    0.0         399.65   0.02996    
 1100        -3.69429    0.03954     -3.65475    305.87   0.02372     4e-05       4.048     4.048     4.048     16.582    0.0         456.81   0.0269     
 1200        -3.69382    0.03703     -3.65679    286.49   0.02178     3e-05       4.048     4.048     4.048     16.582    0.0         461.36   0.02578    
 1300        -3.68488    0.02869     -3.65619    221.98   0.02743     4e-05       4.048     4.048     4.048     16.582    0.0         361.85   0.02893    
 1400        -3.69479    0.04039     -3.65439    312.49   0.02401     3e-05       4.048     4.048     4.048     16.582    0.0         458.88   0.02707    
 1500        -3.69263    0.03918     -3.65345    303.08   0.02591     3e-05       4.048     4.048     4.048     16.582    0.0         435.05   0.02812    
 1600        -3.69131    0.03731     -3.65399    288.68   0.0257      3e-05       4.048     4.048     4.048     16.582    0.0         426.33   0.028      
 1700        -3.68326    0.03629     -3.64698    280.72   0.0306      3e-05       4.048     4.048     4.048     16.582    0.0         385.26   0.03056    
 1800        -3.701      0.03967     -3.66133    306.9    0.01898     2e-05       4.048     4.048     4.048     16.582    0.0         511.57   0.02406    
 1900        -3.69541    0.05137     -3.64404    397.43   0.0211      2e-05       4.048     4.048     4.048     16.582    0.0         552.02   0.02538    
 2000        -3.68859    0.02927     -3.65932    226.43   0.02705     2e-05       4.048     4.048     4.048     16.582    0.0         368.02   0.02873    
 2100        -3.69257    0.0393      -3.65327    304.04   0.02752     2e-05       4.048     4.048     4.048     16.582    0.0         422.83   0.02898    
 2200        -3.69828    0.0328      -3.66548    253.74   0.02057     2e-05       4.048     4.048     4.048     16.582    0.0         446.8    0.02505    
 2300        -3.695      0.03197     -3.66303    247.32   0.02266     2e-05       4.048     4.048     4.048     16.582    0.0         420.2    0.0263     
 2400        -3.6953     0.03536     -3.65994    273.53   0.02276     2e-05       4.048     4.048     4.048     16.582    0.0         440.94   0.02636    
 2500        -3.68829    0.03833     -3.64996    296.53   0.0265      2e-05       4.048     4.048     4.048     16.582    0.0         425.53   0.02844    
 2600        -3.69779    0.05427     -3.64351    419.86   0.02068     1e-05       4.048     4.048     4.048     16.582    0.0         573.19   0.02512    
 2700        -3.69503    0.04605     -3.64898    356.23   0.0232      1e-05       4.048     4.048     4.048     16.582    0.0         498.47   0.02661    
 2800        -3.69465    0.03734     -3.65732    288.87   0.02611     2e-05       4.048     4.048     4.048     16.582    0.0         423.14   0.02822    
 2900        -3.69459    0.03837     -3.65622    296.83   0.02111     1e-05       4.048     4.048     4.048     16.582    0.0         477.0    0.02538    
 3000        -3.68467    0.0362      -3.64847    280.05   0.02609     1e-05       4.048     4.048     4.048     16.582    0.0         416.74   0.02822    
 3100        -3.69789    0.03386     -3.66403    261.92   0.02234     1e-05       4.048     4.048     4.048     16.582    0.0         435.59   0.02611    
 3200        -3.69737    0.02931     -3.66806    226.74   0.0255      1e-05       4.048     4.048     4.048     16.582    0.0         379.3    0.0279     
 3300        -3.69307    0.03319     -3.65988    256.8    0.02731     1e-05       4.048     4.048     4.048     16.582    0.0         390.07   0.02887    
 3400        -3.68715    0.03772     -3.64943    291.82   0.03024     1e-05       4.048     4.048     4.048     16.582    0.0         395.18   0.03037    
 3500        -3.69898    0.03408     -3.6649     263.63   0.02034     1e-05       4.048     4.048     4.048     16.582    0.0         457.96   0.02491    
 3600        -3.69812    0.0323      -3.66581    249.9    0.0193      1e-05       4.048     4.048     4.048     16.582    0.0         457.73   0.02427    
 3700        -3.68951    0.04124     -3.64827    319.01   0.02775     1e-05       4.048     4.048     4.048     16.582    0.0         431.28   0.0291     
 3800        -3.69003    0.03802     -3.65201    294.13   0.02639     1e-05       4.048     4.048     4.048     16.582    0.0         424.66   0.02838    
 3900        -3.68511    0.03621     -3.6489     280.1    0.02652     1e-05       4.048     4.048     4.048     16.582    0.0         413.37   0.02845    
 4000        -3.68536    0.04354     -3.64181    336.85   0.03133     1e-05       4.048     4.048     4.048     16.582    0.0         417.1    0.03092    
 4100        -3.68822    0.04664     -3.64157    360.85   0.02663     1e-05       4.048     4.048     4.048     16.582    0.0         468.26   0.02851    
 4200        -3.69489    0.04699     -3.6479     363.54   0.02044     1e-05       4.048     4.048     4.048     16.582    0.0         536.39   0.02498    
 4300        -3.69453    0.037       -3.65754    286.21   0.02308     1e-05       4.048     4.048     4.048     16.582    0.0         447.97   0.02654    
 4400        -3.69128    0.03459     -3.65669    267.59   0.02574     1e-05       4.048     4.048     4.048     16.582    0.0         410.14   0.02803    
 4500        -3.69352    0.04558     -3.64794    352.62   0.02541     1e-05       4.048     4.048     4.048     16.582    0.0         473.88   0.02784    
 4600        -3.68578    0.0439      -3.64188    339.65   0.02944     1e-05       4.048     4.048     4.048     16.582    0.0         432.06   0.02997    
 4700        -3.6838     0.03362     -3.65018    260.09   0.02915     1e-05       4.048     4.048     4.048     16.582    0.0         379.93   0.02983    
 4800        -3.69418    0.03674     -3.65744    284.21   0.02046     1e-05       4.048     4.048     4.048     16.582    0.0         474.08   0.02499    
 4900        -3.69194    0.03935     -3.65259    304.42   0.02219     1e-05       4.048     4.048     4.048     16.582    0.0         471.17   0.02602    
 5000        -3.69124    0.04365     -3.64759    337.7    0.0266      1e-05       4.048     4.048     4.048     16.582    0.0         453.24   0.02849    
 5100        -3.68782    0.03667     -3.65115    283.72   0.0307      1e-05       4.048     4.048     4.048     16.582    0.0         386.71   0.03061    
 5200        -3.6961     0.03306     -3.66304    255.78   0.02284     1e-05       4.048     4.048     4.048     16.582    0.0         425.73   0.0264     
 5300        -3.69083    0.02796     -3.66287    216.3    0.02104     1e-05       4.048     4.048     4.048     16.582    0.0         407.88   0.02534    
 5400        -3.69271    0.03529     -3.65742    273.0    0.02319     1e-05       4.048     4.048     4.048     16.582    0.0         436.4    0.0266     
 5500        -3.69245    0.0382      -3.65425    295.52   0.02502     1e-05       4.048     4.048     4.048     16.582    0.0         437.18   0.02763    
 5600        -3.69667    0.03735     -3.65932    288.96   0.02165     1e-05       4.048     4.048     4.048     16.582    0.0         464.7    0.0257     
 5700        -3.69042    0.04297     -3.64744    332.46   0.02412     1e-05       4.048     4.048     4.048     16.582    0.0         472.27   0.02713    
 5800        -3.68437    0.03599     -3.64838    278.42   0.02773     1e-05       4.048     4.048     4.048     16.582    0.0         403.04   0.02909    
 5900        -3.68658    0.04617     -3.64041    357.2    0.03218     1e-05       4.048     4.048     4.048     16.582    0.0         423.8    0.03134    
 6000        -3.6873     0.03763     -3.64966    291.15   0.02755     1e-05       4.048     4.048     4.048     16.582    0.0         413.55   0.02899    
 6100        -3.69762    0.04714     -3.65047    364.72   0.02255     1e-05       4.048     4.048     4.048     16.582    0.0         511.58   0.02623    
 6200        -3.6859     0.03799     -3.64791    293.91   0.0331      1e-05       4.048     4.048     4.048     16.582    0.0         379.07   0.03178    
 6300        -3.68951    0.04516     -3.64435    349.36   0.02931     1e-05       4.048     4.048     4.048     16.582    0.0         439.2    0.0299     
 6400        -3.70405    0.05085     -3.6532     393.4    0.01682     0.0         4.048     4.048     4.048     16.582    0.0         615.2    0.02265    
 6500        -3.69551    0.04062     -3.65489    314.25   0.02227     1e-05       4.048     4.048     4.048     16.582    0.0         477.81   0.02607    
 6600        -3.7032     0.03889     -3.66431    300.86   0.01991     1e-05       4.048     4.048     4.048     16.582    0.0         494.46   0.02465    
 6700        -3.6875     0.03334     -3.65415    257.97   0.028       1e-05       4.048     4.048     4.048     16.582    0.0         386.09   0.02923    
 6800        -3.68837    0.04174     -3.64663    322.91   0.02905     1e-05       4.048     4.048     4.048     16.582    0.0         424.1    0.02977    
 6900        -3.68947    0.04263     -3.64684    329.76   0.02655     1e-05       4.048     4.048     4.048     16.582    0.0         448.28   0.02846    
 7000        -3.68794    0.03813     -3.6498     295.01   0.02552     1e-05       4.048     4.048     4.048     16.582    0.0         432.48   0.02791    
 7100        -3.69208    0.03492     -3.65717    270.12   0.02396     1e-05       4.048     4.048     4.048     16.582    0.0         427.11   0.02704    
 7200        -3.70404    0.03324     -3.6708     257.19   0.01768     0.0         4.048     4.048     4.048     16.582    0.0         485.15   0.02323    
 7300        -3.69494    0.04021     -3.65473    311.07   0.02283     1e-05       4.048     4.048     4.048     16.582    0.0         469.57   0.02639    
 7400        -3.69876    0.04479     -3.65398    346.49   0.01877     0.0         4.048     4.048     4.048     16.582    0.0         546.54   0.02393    
 7500        -3.69538    0.04858     -3.64679    375.87   0.02112     0.0         4.048     4.048     4.048     16.582    0.0         536.65   0.02539    
 7600        -3.69029    0.03225     -3.65804    249.47   0.02794     1e-05       4.048     4.048     4.048     16.582    0.0         380.08   0.0292     
 7700        -3.69001    0.03089     -3.65913    238.94   0.02634     1e-05       4.048     4.048     4.048     16.582    0.0         383.12   0.02835    
 7800        -3.69424    0.0431      -3.65114    333.41   0.02338     0.0         4.048     4.048     4.048     16.582    0.0         480.41   0.02671    
 7900        -3.68418    0.03827     -3.6459     296.1    0.02874     1e-05       4.048     4.048     4.048     16.582    0.0         408.27   0.02962    
 8000        -3.69127    0.0378      -3.65347    292.41   0.02718     1e-05       4.048     4.048     4.048     16.582    0.0         417.22   0.0288     
 8100        -3.70563    0.037       -3.66863    286.21   0.01781     0.0         4.048     4.048     4.048     16.582    0.0         509.97   0.02331    
 8200        -3.69956    0.03347     -3.66609    258.92   0.02174     0.0         4.048     4.048     4.048     16.582    0.0         438.96   0.02576    
 8300        -3.68669    0.04523     -3.64147    349.9    0.02985     1e-05       4.048     4.048     4.048     16.582    0.0         435.52   0.03018    
 8400        -3.68842    0.03611     -3.65231    279.38   0.02604     1e-05       4.048     4.048     4.048     16.582    0.0         416.66   0.02819    
 8500        -3.68478    0.04098     -3.64381    317.0    0.03035     1e-05       4.048     4.048     4.048     16.582    0.0         411.08   0.03043    
 8600        -3.68824    0.04825     -3.64       373.24   0.02505     0.0         4.048     4.048     4.048     16.582    0.0         490.99   0.02765    
 8700        -3.69637    0.03375     -3.66261    261.13   0.02179     0.0         4.048     4.048     4.048     16.582    0.0         440.31   0.02579    
 8800        -3.69515    0.03422     -3.66093    264.76   0.02293     0.0         4.048     4.048     4.048     16.582    0.0         432.26   0.02645    
 8900        -3.69808    0.04033     -3.65776    311.98   0.02249     0.0         4.048     4.048     4.048     16.582    0.0         473.82   0.02619    
 9000        -3.69695    0.02881     -3.66814    222.85   0.02182     0.0         4.048     4.048     4.048     16.582    0.0         406.48   0.02581    
 9100        -3.69552    0.03724     -3.65828    288.1    0.02365     0.0         4.048     4.048     4.048     16.582    0.0         443.99   0.02686    
 9200        -3.69347    0.04362     -3.64985    337.47   0.02693     0.0         4.048     4.048     4.048     16.582    0.0         450.32   0.02867    
 9300        -3.69419    0.03663     -3.65757    283.37   0.02524     0.0         4.048     4.048     4.048     16.582    0.0         426.21   0.02775    
 9400        -3.70146    0.03944     -3.66202    305.09   0.02306     0.0         4.048     4.048     4.048     16.582    0.0         462.68   0.02653    
 9500        -3.68958    0.03758     -3.65199    290.76   0.02557     0.0         4.048     4.048     4.048     16.582    0.0         428.91   0.02794    
 9600        -3.70084    0.04336     -3.65748    335.44   0.01669     0.0         4.048     4.048     4.048     16.582    0.0         570.2    0.02257    
 9700        -3.69738    0.03877     -3.6586     299.97   0.02222     0.0         4.048     4.048     4.048     16.582    0.0         467.33   0.02604    
 9800        -3.6905     0.02936     -3.66114    227.12   0.03071     1e-05       4.048     4.048     4.048     16.582    0.0         345.94   0.03061    
 9900        -3.69097    0.03704     -3.65394    286.53   0.02519     0.0         4.048     4.048     4.048     16.582    0.0         428.98   0.02773    
 10000       -3.69939    0.03269     -3.66669    252.94   0.01986     0.0         4.048     4.048     4.048     16.582    0.0         453.95   0.02462    
 10100       -3.69393    0.03389     -3.66004    262.17   0.02164     0.0         4.048     4.048     4.048     16.582    0.0         442.8    0.02569    

Time averages:
             Epot        Ekin        Etot        Temp     MSD         Self_diff   Pressure    Spec_heat   DebyeT   Lindemann  
             eV/atom     eV/atom     eV/atom     K        Å^2         mm^2/s      GPa         J/(K*Kg)    K        1          
             -3.69302    0.03799     -3.65503    293.9    0.02452     1e-05       0.0         490.01723   443.32   0.02727    