Material ID: Al_MTP_06_100_eq_2000_offset_2000_ranfor_10000
Unit cell composition: Al32
Material:  Al
Site positions of initial unit cell:
 Al          Al          Al          Al         
 0.00000     0.00000     2.02395     2.02395    
 0.00000     2.02395     0.00000     2.02395    
 0.00000     2.02395     2.02395     0.00000    
Properties:
 Time        Epot        Ekin        Etot        Temp     MSD         Self_diff   LC_a      LC_b      LC_c      Volume      Pressure    DebyeT   Lindemann 
 fs          eV/atom     eV/atom     eV/atom     K        Å^2         mm^2/s      Å         Å         Å         Å^3/atom    GPa        K        1          
 100         -3.6958     0.03493     -3.66086    270.26   0.00081     1e-05       4.048     4.048     4.048     16.582    0.0         2317.06  0.00499    
 200         -3.6962     0.03338     -3.66282    258.21   0.0007      1e-05       4.048     4.048     4.048     16.582    0.0         2437.91  0.00463    
 300         -3.70383    0.02884     -3.67499    223.15   0.00068     0.0         4.048     4.048     4.048     16.582    0.0         2308.15  0.00455    
 400         -3.71341    0.03593     -3.67748    277.99   0.00053     0.0         4.048     4.048     4.048     16.582    0.0         2922.24  0.00401    
 500         -3.70966    0.03158     -3.67808    244.31   0.00044     0.0         4.048     4.048     4.048     16.582    0.0         2982.77  0.00368    
 600         -3.70399    0.03504     -3.66895    271.1    0.00061     0.0         4.048     4.048     4.048     16.582    0.0         2675.83  0.00432    
 700         -3.69705    0.03229     -3.66476    249.83   0.0006      0.0         4.048     4.048     4.048     16.582    0.0         2592.66  0.00428    
 800         -3.69817    0.03571     -3.66247    276.24   0.00072     0.0         4.048     4.048     4.048     16.582    0.0         2489.16  0.00469    
 900         -3.69382    0.0314      -3.66242    242.92   0.0006      0.0         4.048     4.048     4.048     16.582    0.0         2567.72  0.00427    
 1000        -3.69319    0.03471     -3.65848    268.55   0.00078     0.0         4.048     4.048     4.048     16.582    0.0         2358.23  0.00488    
 1100        -3.69803    0.03146     -3.66657    243.42   0.0007      0.0         4.048     4.048     4.048     16.582    0.0         2376.71  0.00461    
 1200        -3.70449    0.03428     -3.67021    265.19   0.00065     0.0         4.048     4.048     4.048     16.582    0.0         2577.49  0.00444    
 1300        -3.70609    0.04691     -3.65919    362.89   0.00046     0.0         4.048     4.048     4.048     16.582    0.0         3565.92  0.00375    
 1400        -3.69902    0.03154     -3.66748    244.04   0.0007      0.0         4.048     4.048     4.048     16.582    0.0         2372.51  0.00463    
 1500        -3.70369    0.03596     -3.66773    278.18   0.00063     0.0         4.048     4.048     4.048     16.582    0.0         2671.27  0.00439    
 1600        -3.7032     0.03738     -3.66582    289.17   0.00062     0.0         4.048     4.048     4.048     16.582    0.0         2757.98  0.00433    
 1700        -3.6941     0.03991     -3.65418    308.79   0.00087     0.0         4.048     4.048     4.048     16.582    0.0         2395.54  0.00515    
 1800        -3.69603    0.05062     -3.64542    391.61   0.00064     0.0         4.048     4.048     4.048     16.582    0.0         3151.55  0.00441    
 1900        -3.69521    0.03966     -3.65555    306.81   0.00065     0.0         4.048     4.048     4.048     16.582    0.0         2753.64  0.00447    
 2000        -3.6994     0.04141     -3.65799    320.33   0.00056     0.0         4.048     4.048     4.048     16.582    0.0         3047.3   0.00413    
 2100        -3.69631    0.0379      -3.65841    293.18   0.00067     0.0         4.048     4.048     4.048     16.582    0.0         2654.09  0.00453    
 2200        -3.7035     0.03368     -3.66981    260.57   0.00061     0.0         4.048     4.048     4.048     16.582    0.0         2628.17  0.00432    
 2300        -3.69895    0.03266     -3.66628    252.7    0.00062     0.0         4.048     4.048     4.048     16.582    0.0         2570.4   0.00435    
 2400        -3.69931    0.03374     -3.66557    261.0    0.00067     0.0         4.048     4.048     4.048     16.582    0.0         2516.71  0.00451    
 2500        -3.69111    0.03219     -3.65892    249.0    0.0007      0.0         4.048     4.048     4.048     16.582    0.0         2395.44  0.00463    
 2600        -3.69339    0.03315     -3.66024    256.43   0.0007      0.0         4.048     4.048     4.048     16.582    0.0         2427.48  0.00464    
 2700        -3.69024    0.03724     -3.653      288.1    0.00063     0.0         4.048     4.048     4.048     16.582    0.0         2720.24  0.00438    
 2800        -3.69925    0.03956     -3.65968    306.07   0.00069     0.0         4.048     4.048     4.048     16.582    0.0         2671.71  0.0046     
 2900        -3.70238    0.03249     -3.66989    251.36   0.00051     0.0         4.048     4.048     4.048     16.582    0.0         2834.69  0.00393    
 3000        -3.69826    0.03361     -3.66464    260.04   0.00057     0.0         4.048     4.048     4.048     16.582    0.0         2719.99  0.00417    
 3100        -3.69924    0.03461     -3.66464    267.72   0.00051     0.0         4.048     4.048     4.048     16.582    0.0         2924.18  0.00393    
 3200        -3.70567    0.04078     -3.6649     315.46   0.00063     0.0         4.048     4.048     4.048     16.582    0.0         2854.52  0.00437    
 3300        -3.69918    0.0298      -3.66938    230.51   0.00062     0.0         4.048     4.048     4.048     16.582    0.0         2445.37  0.00436    
 3400        -3.70498    0.03737     -3.66762    289.08   0.00061     0.0         4.048     4.048     4.048     16.582    0.0         2779.14  0.0043     
 3500        -3.69833    0.03781     -3.66052    292.52   0.00071     0.0         4.048     4.048     4.048     16.582    0.0         2588.2   0.00464    
 3600        -3.69808    0.04482     -3.65327    346.71   0.0007      0.0         4.048     4.048     4.048     16.582    0.0         2840.91  0.00461    
 3700        -3.69024    0.03873     -3.6515     299.64   0.00083     0.0         4.048     4.048     4.048     16.582    0.0         2422.3   0.00502    
 3800        -3.69676    0.04215     -3.65461    326.09   0.00062     0.0         4.048     4.048     4.048     16.582    0.0         2920.69  0.00434    
 3900        -3.68455    0.04817     -3.63638    372.65   0.00078     0.0         4.048     4.048     4.048     16.582    0.0         2772.2   0.00489    
 4000        -3.68706    0.0433      -3.64376    334.99   0.00072     0.0         4.048     4.048     4.048     16.582    0.0         2739.27  0.0047     
 4100        -3.6922     0.0398      -3.6524     307.9    0.00075     0.0         4.048     4.048     4.048     16.582    0.0         2569.41  0.0048     
 4200        -3.69403    0.04311     -3.65092    333.5    0.00068     0.0         4.048     4.048     4.048     16.582    0.0         2809.26  0.00457    
 4300        -3.69318    0.0394      -3.65378    304.84   0.00067     0.0         4.048     4.048     4.048     16.582    0.0         2713.4   0.00452    
 4400        -3.69728    0.03992     -3.65736    308.87   0.00066     0.0         4.048     4.048     4.048     16.582    0.0         2756.04  0.00448    
 4500        -3.68112    0.03481     -3.64631    269.33   0.00092     0.0         4.048     4.048     4.048     16.582    0.0         2176.21  0.0053     
 4600        -3.69261    0.02816     -3.66445    217.89   0.00071     0.0         4.048     4.048     4.048     16.582    0.0         2227.99  0.00466    
 4700        -3.70053    0.03316     -3.66736    256.56   0.00052     0.0         4.048     4.048     4.048     16.582    0.0         2830.0   0.00398    
 4800        -3.69584    0.03744     -3.65841    289.63   0.00086     0.0         4.048     4.048     4.048     16.582    0.0         2338.7   0.00511    
 4900        -3.69571    0.03472     -3.66099    268.6    0.0006      0.0         4.048     4.048     4.048     16.582    0.0         2684.77  0.00429    
 5000        -3.69732    0.03697     -3.66035    286.01   0.00064     0.0         4.048     4.048     4.048     16.582    0.0         2694.4   0.00441    
 5100        -3.69795    0.03595     -3.662      278.1    0.0007      0.0         4.048     4.048     4.048     16.582    0.0         2538.34  0.00462    
 5200        -3.69824    0.04377     -3.65447    338.65   0.0005      0.0         4.048     4.048     4.048     16.582    0.0         3299.89  0.00392    
 5300        -3.69362    0.03904     -3.65458    302.01   0.00066     0.0         4.048     4.048     4.048     16.582    0.0         2710.96  0.0045     
 5400        -3.70155    0.04076     -3.6608     315.31   0.00061     0.0         4.048     4.048     4.048     16.582    0.0         2891.37  0.00432    
 5500        -3.69125    0.03481     -3.65644    269.29   0.00074     0.0         4.048     4.048     4.048     16.582    0.0         2423.17  0.00476    
 5600        -3.694      0.03463     -3.65937    267.94   0.00078     0.0         4.048     4.048     4.048     16.582    0.0         2363.41  0.00487    
 5700        -3.69054    0.03399     -3.65655    262.95   0.00068     0.0         4.048     4.048     4.048     16.582    0.0         2505.04  0.00455    
 5800        -3.70305    0.04281     -3.66025    331.17   0.00057     0.0         4.048     4.048     4.048     16.582    0.0         3054.49  0.00419    
 5900        -3.68794    0.03472     -3.65322    268.62   0.00082     0.0         4.048     4.048     4.048     16.582    0.0         2305.22  0.005      
 6000        -3.70017    0.03802     -3.66215    294.15   0.00062     0.0         4.048     4.048     4.048     16.582    0.0         2777.47  0.00434    
 6100        -3.69327    0.03408     -3.6592     263.64   0.00065     0.0         4.048     4.048     4.048     16.582    0.0         2557.03  0.00446    
 6200        -3.70384    0.03366     -3.67018    260.38   0.00064     0.0         4.048     4.048     4.048     16.582    0.0         2558.54  0.00443    
 6300        -3.70019    0.03339     -3.6668     258.31   0.00068     0.0         4.048     4.048     4.048     16.582    0.0         2475.44  0.00456    
 6400        -3.6902     0.02805     -3.66214    217.04   0.00067     0.0         4.048     4.048     4.048     16.582    0.0         2293.35  0.00451    
 6500        -3.70128    0.04464     -3.65663    345.38   0.00063     0.0         4.048     4.048     4.048     16.582    0.0         2983.01  0.00438    
 6600        -3.69812    0.03869     -3.65943    299.3    0.00059     0.0         4.048     4.048     4.048     16.582    0.0         2864.86  0.00424    
 6700        -3.70152    0.03312     -3.6684     256.22   0.00065     0.0         4.048     4.048     4.048     16.582    0.0         2520.95  0.00446    
 6800        -3.68992    0.03181     -3.65811    246.08   0.00075     0.0         4.048     4.048     4.048     16.582    0.0         2311.6   0.00477    
 6900        -3.69514    0.03397     -3.66117    262.77   0.0006      0.0         4.048     4.048     4.048     16.582    0.0         2660.88  0.00428    
 7000        -3.69592    0.03858     -3.65734    298.48   0.00063     0.0         4.048     4.048     4.048     16.582    0.0         2763.11  0.00439    
 7100        -3.69196    0.03937     -3.65259    304.59   0.00074     0.0         4.048     4.048     4.048     16.582    0.0         2580.71  0.00475    
 7200        -3.69642    0.03148     -3.66494    243.54   0.00063     0.0         4.048     4.048     4.048     16.582    0.0         2494.26  0.0044     
 7300        -3.70364    0.03811     -3.66553    294.8    0.00066     0.0         4.048     4.048     4.048     16.582    0.0         2683.6   0.0045     
 7400        -3.70353    0.03684     -3.66669    284.97   0.00057     0.0         4.048     4.048     4.048     16.582    0.0         2837.44  0.00418    
 7500        -3.70586    0.03681     -3.66905    284.78   0.00055     0.0         4.048     4.048     4.048     16.582    0.0         2895.58  0.0041     
 7600        -3.69856    0.03457     -3.66399    267.45   0.00066     0.0         4.048     4.048     4.048     16.582    0.0         2560.83  0.00449    
 7700        -3.69651    0.03452     -3.66199    267.08   0.00064     0.0         4.048     4.048     4.048     16.582    0.0         2602.49  0.00441    
 7800        -3.70643    0.0322      -3.67423    249.13   0.0005      0.0         4.048     4.048     4.048     16.582    0.0         2843.65  0.0039     
 7900        -3.6991     0.02908     -3.67002    224.98   0.00065     0.0         4.048     4.048     4.048     16.582    0.0         2372.61  0.00444    
 8000        -3.70216    0.03465     -3.6675     268.1    0.00059     0.0         4.048     4.048     4.048     16.582    0.0         2714.43  0.00424    

Time averages:
             Epot        Ekin        Etot        Temp     MSD         Self_diff   Pressure    Spec_heat   DebyeT   Lindemann  
             eV/atom     eV/atom     eV/atom     K        Å^2         mm^2/s      GPa         J/(K*Kg)    K        1          
             -3.69766    0.03638     -3.66128    281.44   0.00066     0.0         0.0         482.10208   2649.89  0.00446    