Material ID: Al_MTP_06_80_eq_2000_ranfor_10000
Unit cell composition: Al32
Material:  Al
Site positions of initial unit cell:
 Al          Al          Al          Al         
 0.00000     0.00000     2.02395     2.02395    
 0.00000     2.02395     0.00000     2.02395    
 0.00000     2.02395     2.02395     0.00000    
Properties:
 Time        Epot        Ekin        Etot        Temp     MSD         Self_diff   LC_a      LC_b      LC_c      Volume      Pressure    DebyeT   Lindemann 
 fs          eV/atom     eV/atom     eV/atom     K        Å^2         mm^2/s      Å         Å         Å         Å^3/atom    GPa        K        1          
 100         -3.72728    0.04231     -3.68497    327.29   0.0         0.0         4.048     4.048     4.048     16.582    0.0         inf      0.0        
 200         -3.6966     0.03384     -3.66276    261.78   0.02616     0.00022     4.048     4.048     4.048     16.582    0.0         402.35   0.02826    
 300         -3.68459    0.03511     -3.64948    271.65   0.03385     0.00019     4.048     4.048     4.048     16.582    0.0         360.33   0.03214    
 400         -3.69074    0.03349     -3.65725    259.06   0.02631     0.00011     4.048     4.048     4.048     16.582    0.0         399.17   0.02833    
 500         -3.68151    0.03381     -3.6477     261.56   0.02497     8e-05       4.048     4.048     4.048     16.582    0.0         411.72   0.0276     
 600         -3.6914     0.0476      -3.6438     368.21   0.02397     7e-05       4.048     4.048     4.048     16.582    0.0         498.56   0.02704    
 700         -3.69936    0.0513      -3.64806    396.9    0.02219     5e-05       4.048     4.048     4.048     16.582    0.0         537.93   0.02602    
 800         -3.69289    0.04454     -3.64836    344.55   0.02469     5e-05       4.048     4.048     4.048     16.582    0.0         475.23   0.02745    
 900         -3.70298    0.03935     -3.66363    304.46   0.01688     3e-05       4.048     4.048     4.048     16.582    0.0         540.25   0.02269    
 1000        -3.68952    0.03832     -3.6512     296.47   0.02567     4e-05       4.048     4.048     4.048     16.582    0.0         432.26   0.02799    
 1100        -3.6993     0.03815     -3.66114    295.16   0.02279     3e-05       4.048     4.048     4.048     16.582    0.0         457.79   0.02637    
 1200        -3.69678    0.03743     -3.65935    289.55   0.02439     3e-05       4.048     4.048     4.048     16.582    0.0         438.25   0.02728    
 1300        -3.68483    0.02762     -3.65721    213.64   0.0345      4e-05       4.048     4.048     4.048     16.582    0.0         316.54   0.03245    
 1400        -3.69614    0.03343     -3.66271    258.66   0.02492     3e-05       4.048     4.048     4.048     16.582    0.0         409.86   0.02757    
 1500        -3.68492    0.04254     -3.64239    329.09   0.03423     4e-05       4.048     4.048     4.048     16.582    0.0         394.39   0.03232    
 1600        -3.69078    0.0466      -3.64418    360.54   0.02763     3e-05       4.048     4.048     4.048     16.582    0.0         459.47   0.02904    
 1700        -3.69081    0.0403      -3.65051    311.77   0.02747     3e-05       4.048     4.048     4.048     16.582    0.0         428.54   0.02895    
 1800        -3.68794    0.02666     -3.66127    206.29   0.02655     2e-05       4.048     4.048     4.048     16.582    0.0         354.57   0.02846    
 1900        -3.6917     0.04352     -3.64818    336.69   0.02375     2e-05       4.048     4.048     4.048     16.582    0.0         478.98   0.02692    
 2000        -3.69105    0.04363     -3.64743    337.51   0.02175     2e-05       4.048     4.048     4.048     16.582    0.0         501.08   0.02576    
 2100        -3.69112    0.03875     -3.65237    299.81   0.02254     2e-05       4.048     4.048     4.048     16.582    0.0         463.93   0.02623    
 2200        -3.69799    0.03627     -3.66172    280.58   0.02059     2e-05       4.048     4.048     4.048     16.582    0.0         469.54   0.02507    
 2300        -3.70398    0.04236     -3.66162    327.7    0.01658     1e-05       4.048     4.048     4.048     16.582    0.0         565.58   0.02249    
 2400        -3.69191    0.03924     -3.65267    303.58   0.02555     2e-05       4.048     4.048     4.048     16.582    0.0         438.46   0.02792    
 2500        -3.70169    0.03629     -3.6654     280.73   0.02063     1e-05       4.048     4.048     4.048     16.582    0.0         469.2    0.02509    
 2600        -3.69452    0.04156     -3.65296    321.5    0.02447     2e-05       4.048     4.048     4.048     16.582    0.0         461.05   0.02733    
 2700        -3.70293    0.04272     -3.6602     330.53   0.0191      1e-05       4.048     4.048     4.048     16.582    0.0         529.09   0.02414    
 2800        -3.69694    0.0341      -3.66284    263.82   0.02433     1e-05       4.048     4.048     4.048     16.582    0.0         418.85   0.02725    
 2900        -3.68882    0.03076     -3.65806    237.98   0.03108     2e-05       4.048     4.048     4.048     16.582    0.0         352.0    0.03079    
 3000        -3.69052    0.03086     -3.65966    238.77   0.02851     2e-05       4.048     4.048     4.048     16.582    0.0         368.14   0.02949    
 3100        -3.68967    0.0417      -3.64797    322.61   0.02702     1e-05       4.048     4.048     4.048     16.582    0.0         439.52   0.02872    
 3200        -3.69405    0.04325     -3.6508     334.56   0.0268      1e-05       4.048     4.048     4.048     16.582    0.0         449.46   0.0286     
 3300        -3.69695    0.03675     -3.6602     284.32   0.0245      1e-05       4.048     4.048     4.048     16.582    0.0         433.33   0.02734    
 3400        -3.69665    0.03694     -3.65971    285.78   0.02434     1e-05       4.048     4.048     4.048     16.582    0.0         435.85   0.02725    
 3500        -3.70152    0.03291     -3.66861    254.57   0.01935     1e-05       4.048     4.048     4.048     16.582    0.0         461.34   0.0243     
 3600        -3.68915    0.03695     -3.6522     285.84   0.02496     1e-05       4.048     4.048     4.048     16.582    0.0         430.46   0.0276     
 3700        -3.69337    0.03379     -3.65959    261.38   0.02986     1e-05       4.048     4.048     4.048     16.582    0.0         376.37   0.03018    
 3800        -3.6946     0.03927     -3.65533    303.83   0.02812     1e-05       4.048     4.048     4.048     16.582    0.0         418.12   0.02929    
 3900        -3.69107    0.0359      -3.65516    277.77   0.03046     1e-05       4.048     4.048     4.048     16.582    0.0         384.16   0.03049    
 4000        -3.69853    0.03168     -3.66685    245.1    0.02025     1e-05       4.048     4.048     4.048     16.582    0.0         442.5    0.02486    
 4100        -3.69734    0.03448     -3.66287    266.73   0.02185     1e-05       4.048     4.048     4.048     16.582    0.0         444.48   0.02582    
 4200        -3.69824    0.041       -3.65724    317.22   0.02164     1e-05       4.048     4.048     4.048     16.582    0.0         487.01   0.0257     
 4300        -3.69112    0.04168     -3.64944    322.49   0.03069     1e-05       4.048     4.048     4.048     16.582    0.0         412.36   0.0306     
 4400        -3.70427    0.03443     -3.66984    266.36   0.01649     1e-05       4.048     4.048     4.048     16.582    0.0         511.26   0.02243    
 4500        -3.69234    0.03992     -3.65242    308.84   0.02709     1e-05       4.048     4.048     4.048     16.582    0.0         429.47   0.02875    
 4600        -3.68505    0.03073     -3.65432    237.71   0.03073     1e-05       4.048     4.048     4.048     16.582    0.0         353.77   0.03062    
 4700        -3.68915    0.03968     -3.64947    307.01   0.0265      1e-05       4.048     4.048     4.048     16.582    0.0         433.0    0.02843    
 4800        -3.69021    0.03653     -3.65368    282.63   0.02645     1e-05       4.048     4.048     4.048     16.582    0.0         415.8    0.02841    
 4900        -3.69843    0.03452     -3.66391    267.07   0.02263     1e-05       4.048     4.048     4.048     16.582    0.0         436.98   0.02628    
 5000        -3.6929     0.03416     -3.65874    264.24   0.02408     1e-05       4.048     4.048     4.048     16.582    0.0         421.38   0.02711    
 5100        -3.68903    0.03632     -3.65271    280.98   0.03016     1e-05       4.048     4.048     4.048     16.582    0.0         388.29   0.03033    
 5200        -3.70432    0.03255     -3.67177    251.81   0.01657     1e-05       4.048     4.048     4.048     16.582    0.0         495.87   0.02249    
 5300        -3.69276    0.0323      -3.66046    249.87   0.02704     1e-05       4.048     4.048     4.048     16.582    0.0         386.7    0.02872    
 5400        -3.69595    0.03738     -3.65857    289.2    0.02174     1e-05       4.048     4.048     4.048     16.582    0.0         463.89   0.02576    
 5500        -3.6946     0.03544     -3.65916    274.17   0.02317     1e-05       4.048     4.048     4.048     16.582    0.0         437.57   0.02659    
 5600        -3.69702    0.04095     -3.65607    316.81   0.02511     1e-05       4.048     4.048     4.048     16.582    0.0         451.83   0.02768    
 5700        -3.69366    0.03148     -3.66218    243.55   0.0228      1e-05       4.048     4.048     4.048     16.582    0.0         415.73   0.02638    
 5800        -3.69158    0.03215     -3.65943    248.75   0.02875     1e-05       4.048     4.048     4.048     16.582    0.0         374.15   0.02962    
 5900        -3.69961    0.03584     -3.66377    277.24   0.02297     1e-05       4.048     4.048     4.048     16.582    0.0         441.94   0.02647    
 6000        -3.69123    0.03434     -3.6569     265.64   0.02583     1e-05       4.048     4.048     4.048     16.582    0.0         407.96   0.02807    
 6100        -3.69496    0.04079     -3.65417    315.56   0.02188     1e-05       4.048     4.048     4.048     16.582    0.0         483.03   0.02584    
 6200        -3.69732    0.03446     -3.66286    266.58   0.02153     1e-05       4.048     4.048     4.048     16.582    0.0         447.64   0.02563    
 6300        -3.69327    0.03348     -3.65979    259.02   0.02462     1e-05       4.048     4.048     4.048     16.582    0.0         412.59   0.02741    
 6400        -3.6907     0.02702     -3.66369    209.0    0.02631     1e-05       4.048     4.048     4.048     16.582    0.0         358.5    0.02834    
 6500        -3.69373    0.03036     -3.66337    234.89   0.02399     1e-05       4.048     4.048     4.048     16.582    0.0         398.02   0.02706    
 6600        -3.70478    0.03875     -3.66602    299.81   0.01622     0.0         4.048     4.048     4.048     16.582    0.0         546.95   0.02224    
 6700        -3.68738    0.03426     -3.65312    265.07   0.03048     1e-05       4.048     4.048     4.048     16.582    0.0         375.09   0.0305     
 6800        -3.69603    0.03186     -3.66418    246.48   0.01983     0.0         4.048     4.048     4.048     16.582    0.0         448.43   0.0246     
 6900        -3.69824    0.02884     -3.6694     223.14   0.01924     0.0         4.048     4.048     4.048     16.582    0.0         433.22   0.02423    
 7000        -3.70106    0.03509     -3.66598    271.43   0.01742     0.0         4.048     4.048     4.048     16.582    0.0         502.11   0.02306    
 7100        -3.69261    0.03188     -3.66074    246.6    0.02302     1e-05       4.048     4.048     4.048     16.582    0.0         416.37   0.0265     
 7200        -3.69579    0.03317     -3.66262    256.63   0.02093     0.0         4.048     4.048     4.048     16.582    0.0         445.38   0.02527    
 7300        -3.69393    0.02804     -3.66589    216.9    0.02616     1e-05       4.048     4.048     4.048     16.582    0.0         366.28   0.02825    
 7400        -3.69713    0.03425     -3.66289    264.94   0.02222     1e-05       4.048     4.048     4.048     16.582    0.0         439.28   0.02604    
 7500        -3.68959    0.03826     -3.65133    296.0    0.02723     1e-05       4.048     4.048     4.048     16.582    0.0         419.4    0.02883    
 7600        -3.69234    0.03415     -3.65819    264.18   0.02625     1e-05       4.048     4.048     4.048     16.582    0.0         403.53   0.0283     
 7700        -3.69452    0.0339      -3.66063    262.23   0.02416     1e-05       4.048     4.048     4.048     16.582    0.0         419.06   0.02715    
 7800        -3.68986    0.03472     -3.65515    268.57   0.02752     1e-05       4.048     4.048     4.048     16.582    0.0         397.37   0.02898    
 7900        -3.69554    0.03619     -3.65935    280.01   0.02521     1e-05       4.048     4.048     4.048     16.582    0.0         423.95   0.02774    
 8000        -3.69308    0.03919     -3.65388    303.21   0.02651     1e-05       4.048     4.048     4.048     16.582    0.0         430.16   0.02844    
 8100        -3.69516    0.03554     -3.65962    274.95   0.02096     0.0         4.048     4.048     4.048     16.582    0.0         460.73   0.02529    
 8200        -3.69864    0.03127     -3.66738    241.88   0.02141     0.0         4.048     4.048     4.048     16.582    0.0         427.55   0.02556    
 8300        -3.70095    0.03081     -3.67014    238.37   0.01543     0.0         4.048     4.048     4.048     16.582    0.0         500.0    0.0217     
 8400        -3.6993     0.03837     -3.66093    296.82   0.01781     0.0         4.048     4.048     4.048     16.582    0.0         519.32   0.02331    
 8500        -3.69348    0.03146     -3.66202    243.41   0.02667     1e-05       4.048     4.048     4.048     16.582    0.0         384.31   0.02853    
 8600        -3.69608    0.03232     -3.66376    250.05   0.02294     0.0         4.048     4.048     4.048     16.582    0.0         419.95   0.02646    
 8700        -3.69805    0.04066     -3.65739    314.58   0.02129     0.0         4.048     4.048     4.048     16.582    0.0         488.99   0.02549    
 8800        -3.69459    0.03801     -3.65658    294.06   0.02538     0.0         4.048     4.048     4.048     16.582    0.0         433.0    0.02783    
 8900        -3.69425    0.0369      -3.65735    285.48   0.02387     0.0         4.048     4.048     4.048     16.582    0.0         439.95   0.02699    
 9000        -3.69188    0.03673     -3.65515    284.14   0.02525     0.0         4.048     4.048     4.048     16.582    0.0         426.69   0.02776    
 9100        -3.69913    0.02852     -3.67061    220.65   0.01914     0.0         4.048     4.048     4.048     16.582    0.0         431.9    0.02417    
 9200        -3.70276    0.0271      -3.67566    209.68   0.01945     0.0         4.048     4.048     4.048     16.582    0.0         417.69   0.02436    
 9300        -3.6954     0.0426      -3.6528     329.56   0.02114     0.0         4.048     4.048     4.048     16.582    0.0         502.21   0.0254     
 9400        -3.69337    0.0419      -3.65147    324.18   0.02482     0.0         4.048     4.048     4.048     16.582    0.0         459.71   0.02752    
 9500        -3.69557    0.03124     -3.66432    241.7    0.02399     0.0         4.048     4.048     4.048     16.582    0.0         403.78   0.02706    
 9600        -3.70149    0.02956     -3.67192    228.72   0.02076     0.0         4.048     4.048     4.048     16.582    0.0         422.19   0.02517    
 9700        -3.6997     0.04162     -3.65808    321.96   0.01911     0.0         4.048     4.048     4.048     16.582    0.0         522.17   0.02415    
 9800        -3.70244    0.042       -3.66044    324.89   0.01712     0.0         4.048     4.048     4.048     16.582    0.0         554.15   0.02286    
 9900        -3.68937    0.04582     -3.64354    354.51   0.02615     0.0         4.048     4.048     4.048     16.582    0.0         468.37   0.02825    
 10000       -3.69345    0.0379      -3.65556    293.17   0.02568     0.0         4.048     4.048     4.048     16.582    0.0         429.82   0.02799    
 10100       -3.68567    0.04066     -3.64502    314.54   0.03045     1e-05       4.048     4.048     4.048     16.582    0.0         408.82   0.03048    

Time averages:
             Epot        Ekin        Etot        Temp     MSD         Self_diff   Pressure    Spec_heat   DebyeT   Lindemann  
             eV/atom     eV/atom     eV/atom     K        Å^2         mm^2/s      GPa         J/(K*Kg)    K        1          
             -3.69451    0.03635     -3.65816    281.2    0.02414     2e-05       0.0         485.5949    438.01   0.02704    