Material ID: Si_MTP_10_1000_eq_0_ranfor_10000
Unit cell composition: Si8
Material:  Si
Site positions of initial unit cell:
 Si         
 0.00000    
 0.00000    
 0.00000    
Properties:
 Time        Epot        Ekin        Etot        Temp     MSD         Self_diff   LC_a      LC_b      LC_c      Volume      Pressure    DebyeT   Lindemann 
 fs          eV/atom     eV/atom     eV/atom     K        Å^2         mm^2/s      Å         Å         Å         Å^3/atom    GPa        K        1          
 100         6.97705     0.02494     7.00199     192.93   0.0         0.0         3.84      3.84      3.84      40.048    0.0         inf      0.0        
 200         6.96414     0.03        6.99414     232.06   0.03802     0.00032     3.84      3.84      3.84      40.048    0.0         308.04   0.02539    
 300         5.67361     0.2758      5.94941     2133.68  0.43044     0.00239     3.84      3.84      3.84      40.048    0.0         277.59   0.08542    
 400         3.1999      0.13676     3.33666     1058.02  1.81552     0.00756     3.84      3.84      3.84      40.048    0.0         95.18    0.17543    
 500         1.28618     0.08622     1.37239     667.01   2.50697     0.00836     3.84      3.84      3.84      40.048    0.0         64.31    0.20615    
 600         -0.40731    0.12095     -0.28636    935.75   3.06593     0.00852     3.84      3.84      3.84      40.048    0.0         68.88    0.22797    
 700         -1.35067    0.15355     -1.19713    1187.89  4.32471     0.0103      3.84      3.84      3.84      40.048    0.0         65.34    0.27076    
 800         -2.29028    0.09613     -2.19414    743.72   5.51213     0.01148     3.84      3.84      3.84      40.048    0.0         45.8     0.30568    
 900         -2.78303    0.0257      -2.75733    198.82   5.84405     0.01082     3.84      3.84      3.84      40.048    0.0         23.0     0.31475    
 1000        -2.8143     0.05033     -2.76397    389.36   5.75597     0.00959     3.84      3.84      3.84      40.048    0.0         32.43    0.31237    
 1100        -2.81675    0.02248     -2.79427    173.9    5.95382     0.00902     3.84      3.84      3.84      40.048    0.0         21.31    0.31769    
 1200        -2.95273    0.03448     -2.91825    266.79   5.77839     0.00803     3.84      3.84      3.84      40.048    0.0         26.79    0.31297    
 1300        -3.55448    0.06107     -3.4934     472.5    6.2729      0.00804     3.84      3.84      3.84      40.048    0.0         34.22    0.32609    
 1400        -3.60886    0.03164     -3.57722    244.8    6.39231     0.00761     3.84      3.84      3.84      40.048    0.0         24.4     0.32918    
 1500        -3.61217    0.0381      -3.57408    294.72   6.54966     0.00728     3.84      3.84      3.84      40.048    0.0         26.45    0.33321    
 1600        -3.61706    0.04228     -3.57479    327.06   6.59057     0.00687     3.84      3.84      3.84      40.048    0.0         27.77    0.33425    
 1700        -3.63591    0.04092     -3.59499    316.61   6.4262      0.0063      3.84      3.84      3.84      40.048    0.0         27.67    0.33005    
 1800        -3.67501    0.02592     -3.64909    200.53   6.50706     0.00603     3.84      3.84      3.84      40.048    0.0         21.89    0.33212    
 1900        -3.76934    0.03924     -3.7301     303.58   6.54958     0.00575     3.84      3.84      3.84      40.048    0.0         26.84    0.33321    
 2000        -3.85013    0.03874     -3.81139    299.71   6.58543     0.00549     3.84      3.84      3.84      40.048    0.0         26.6     0.33412    
 2100        -3.86172    0.03926     -3.82245    303.74   6.642       0.00527     3.84      3.84      3.84      40.048    0.0         26.66    0.33555    
 2200        -3.87256    0.02357     -3.84899    182.35   6.80628     0.00516     3.84      3.84      3.84      40.048    0.0         20.41    0.33967    
 2300        -3.86077    0.03185     -3.82892    246.43   6.94683     0.00503     3.84      3.84      3.84      40.048    0.0         23.48    0.34316    
 2400        -3.86019    0.04878     -3.81141    377.36   6.82737     0.00474     3.84      3.84      3.84      40.048    0.0         29.31    0.3402     
 2500        -3.86583    0.01804     -3.84779    139.59   7.02891     0.00469     3.84      3.84      3.84      40.048    0.0         17.57    0.34518    
 2600        -3.85556    0.03181     -3.82375    246.1    6.78        0.00435     3.84      3.84      3.84      40.048    0.0         23.75    0.33902    
 2700        -3.85475    0.02197     -3.83278    169.97   6.78727     0.00419     3.84      3.84      3.84      40.048    0.0         19.73    0.3392     
 2800        -3.84397    0.03471     -3.80926    268.56   6.7876      0.00404     3.84      3.84      3.84      40.048    0.0         24.8     0.33921    
 2900        -3.85837    0.03355     -3.82482    259.55   6.93758     0.00399     3.84      3.84      3.84      40.048    0.0         24.12    0.34293    
 3000        -3.85699    0.04473     -3.81226    346.09   6.96326     0.00387     3.84      3.84      3.84      40.048    0.0         27.8     0.34357    
 3100        -3.8633     0.02447     -3.83883    189.33   6.77134     0.00364     3.84      3.84      3.84      40.048    0.0         20.85    0.3388     
 3200        -3.86607    0.0565      -3.80957    437.14   6.86934     0.00358     3.84      3.84      3.84      40.048    0.0         31.45    0.34124    
 3300        -3.87274    0.02411     -3.84862    186.56   6.84038     0.00345     3.84      3.84      3.84      40.048    0.0         20.59    0.34052    
 3400        -3.85978    0.03541     -3.82437    273.92   6.69185     0.00328     3.84      3.84      3.84      40.048    0.0         25.23    0.3368     
 3500        -3.8602     0.03967     -3.82054    306.87   6.65922     0.00317     3.84      3.84      3.84      40.048    0.0         26.76    0.33598    
 3600        -3.87096    0.03262     -3.83834    252.37   6.65816     0.00308     3.84      3.84      3.84      40.048    0.0         24.27    0.33596    
 3700        -3.85585    0.0282      -3.82765    218.15   6.56053     0.00296     3.84      3.84      3.84      40.048    0.0         22.74    0.33348    
 3800        -3.86185    0.02815     -3.8337     217.78   6.66092     0.00292     3.84      3.84      3.84      40.048    0.0         22.54    0.33603    
 3900        -3.87525    0.03293     -3.84232    254.76   6.95741     0.00297     3.84      3.84      3.84      40.048    0.0         23.86    0.34342    
 4000        -3.84929    0.01747     -3.83182    135.14   6.68711     0.00279     3.84      3.84      3.84      40.048    0.0         17.72    0.33669    
 4100        -3.86182    0.02523     -3.83659    195.21   6.95832     0.00283     3.84      3.84      3.84      40.048    0.0         20.88    0.34345    
 4200        -3.86966    0.04953     -3.82013    383.16   6.85797     0.00272     3.84      3.84      3.84      40.048    0.0         29.47    0.34096    
 4300        -3.86183    0.02747     -3.83436    212.52   6.65582     0.00258     3.84      3.84      3.84      40.048    0.0         22.28    0.3359     
 4400        -3.84873    0.0452      -3.80353    349.71   6.82921     0.00259     3.84      3.84      3.84      40.048    0.0         28.21    0.34024    
 4500        -3.84235    0.05519     -3.78717    426.93   6.8879      0.00255     3.84      3.84      3.84      40.048    0.0         31.04    0.3417     
 4600        -3.86627    0.02788     -3.8384     215.67   6.78459     0.00246     3.84      3.84      3.84      40.048    0.0         22.23    0.33913    
 4700        -3.83728    0.01697     -3.8203     131.31   6.95443     0.00247     3.84      3.84      3.84      40.048    0.0         17.13    0.34335    
 4800        -3.87036    0.01821     -3.85215    140.86   6.85964     0.00238     3.84      3.84      3.84      40.048    0.0         17.87    0.341      
 4900        -3.85573    0.02975     -3.82597    230.18   6.99912     0.00238     3.84      3.84      3.84      40.048    0.0         22.61    0.34445    
 5000        -3.86126    0.02483     -3.83643    192.06   6.93856     0.00231     3.84      3.84      3.84      40.048    0.0         20.74    0.34296    
 5100        -3.86915    0.03783     -3.83132    292.66   6.72906     0.0022      3.84      3.84      3.84      40.048    0.0         26.0     0.33774    
 5200        -3.8606     0.02762     -3.83298    213.65   6.67275     0.00214     3.84      3.84      3.84      40.048    0.0         22.31    0.33632    
 5300        -3.87717    0.03662     -3.84055    283.28   6.82442     0.00215     3.84      3.84      3.84      40.048    0.0         25.4     0.34012    
 5400        -3.86406    0.02639     -3.83767    204.15   6.94192     0.00214     3.84      3.84      3.84      40.048    0.0         21.38    0.34304    
 5500        -3.87057    0.01429     -3.85628    110.58   6.73479     0.00204     3.84      3.84      3.84      40.048    0.0         15.98    0.33788    
 5600        -3.85172    0.02518     -3.82654    194.8    6.80174     0.00202     3.84      3.84      3.84      40.048    0.0         21.1     0.33956    
 5700        -3.85404    0.02771     -3.82632    214.39   7.05881     0.00206     3.84      3.84      3.84      40.048    0.0         21.73    0.34592    
 5800        -3.86582    0.01776     -3.84806    137.37   7.1442      0.00205     3.84      3.84      3.84      40.048    0.0         17.29    0.348      
 5900        -3.84802    0.01524     -3.83278    117.88   6.55929     0.00185     3.84      3.84      3.84      40.048    0.0         16.71    0.33345    
 6000        -3.84616    0.03544     -3.81072    274.19   6.70835     0.00186     3.84      3.84      3.84      40.048    0.0         25.21    0.33722    
 6100        -3.85852    0.05631     -3.80221    435.61   6.67697     0.00182     3.84      3.84      3.84      40.048    0.0         31.85    0.33643    
 6200        -3.85366    0.03515     -3.81851    271.94   6.91901     0.00186     3.84      3.84      3.84      40.048    0.0         24.72    0.34247    
 6300        -3.85986    0.03665     -3.82321    283.53   6.93757     0.00184     3.84      3.84      3.84      40.048    0.0         25.21    0.34293    
 6400        -3.86723    0.04492     -3.82231    347.5    6.72069     0.00175     3.84      3.84      3.84      40.048    0.0         28.35    0.33753    
 6500        -3.86257    0.0435      -3.81906    336.55   6.97865     0.00179     3.84      3.84      3.84      40.048    0.0         27.38    0.34395    
 6600        -3.86577    0.03        -3.83577    232.07   7.0347      0.00178     3.84      3.84      3.84      40.048    0.0         22.65    0.34533    
 6700        -3.85663    0.04187     -3.81475    323.94   7.05274     0.00175     3.84      3.84      3.84      40.048    0.0         26.72    0.34577    
 6800        -3.87058    0.02379     -3.84679    184.07   7.02338     0.00172     3.84      3.84      3.84      40.048    0.0         20.18    0.34505    
 6900        -3.84805    0.0347      -3.81335    268.43   7.10075     0.00172     3.84      3.84      3.84      40.048    0.0         24.24    0.34694    
 7000        -3.85969    0.01924     -3.84045    148.84   6.97866     0.00166     3.84      3.84      3.84      40.048    0.0         18.21    0.34395    
 7100        -3.8673     0.04042     -3.82688    312.69   6.99319     0.00164     3.84      3.84      3.84      40.048    0.0         26.36    0.3443     
 7200        -3.86992    0.03343     -3.83649    258.61   6.82158     0.00158     3.84      3.84      3.84      40.048    0.0         24.28    0.34005    
 7300        -3.8714     0.02917     -3.84223    225.66   6.88933     0.00157     3.84      3.84      3.84      40.048    0.0         22.56    0.34174    
 7400        -3.86631    0.01459     -3.85172    112.87   6.86268     0.00155     3.84      3.84      3.84      40.048    0.0         15.99    0.34108    
 7500        -3.85363    0.02475     -3.82888    191.44   7.12955     0.00158     3.84      3.84      3.84      40.048    0.0         20.43    0.34765    
 7600        -3.87124    0.03872     -3.83252    299.54   6.83759     0.0015      3.84      3.84      3.84      40.048    0.0         26.1     0.34045    
 7700        -3.8754     0.03673     -3.83867    284.16   6.84518     0.00148     3.84      3.84      3.84      40.048    0.0         25.4     0.34064    
 7800        -3.86126    0.04884     -3.81242    377.84   6.78208     0.00145     3.84      3.84      3.84      40.048    0.0         29.43    0.33907    
 7900        -3.858      0.04054     -3.81746    313.64   6.74918     0.00142     3.84      3.84      3.84      40.048    0.0         26.88    0.33824    
 8000        -3.82027    0.0275      -3.79277    212.76   6.84144     0.00143     3.84      3.84      3.84      40.048    0.0         21.99    0.34055    
 8100        -3.85391    0.05213     -3.80179    403.28   6.82515     0.0014      3.84      3.84      3.84      40.048    0.0         30.31    0.34014    
 8200        -3.83384    0.02472     -3.80912    191.24   6.77422     0.00138     3.84      3.84      3.84      40.048    0.0         20.95    0.33887    
 8300        -3.85785    0.03708     -3.82078    286.84   6.74115     0.00135     3.84      3.84      3.84      40.048    0.0         25.72    0.33804    
 8400        -3.86431    0.03628     -3.82802    280.69   6.78246     0.00135     3.84      3.84      3.84      40.048    0.0         25.36    0.33908    
 8500        -3.84966    0.03534     -3.81432    273.41   6.63167     0.0013      3.84      3.84      3.84      40.048    0.0         25.32    0.33529    
 8600        -3.86801    0.01699     -3.85102    131.46   6.64183     0.00129     3.84      3.84      3.84      40.048    0.0         17.54    0.33554    
 8700        -3.86134    0.03202     -3.82931    247.75   6.6058      0.00127     3.84      3.84      3.84      40.048    0.0         24.15    0.33463    
 8800        -3.86534    0.03171     -3.83363    245.3    6.71633     0.00127     3.84      3.84      3.84      40.048    0.0         23.83    0.33742    
 8900        -3.84334    0.02753     -3.81581    212.95   6.83332     0.00128     3.84      3.84      3.84      40.048    0.0         22.01    0.34035    
 9000        -3.85541    0.05253     -3.80289    406.35   6.95283     0.00129     3.84      3.84      3.84      40.048    0.0         30.14    0.34331    
 9100        -3.86107    0.03717     -3.8239     287.6    7.03306     0.00129     3.84      3.84      3.84      40.048    0.0         25.21    0.34528    
 9200        -3.84325    0.01258     -3.83067    97.32    6.90741     0.00125     3.84      3.84      3.84      40.048    0.0         14.8     0.34219    
 9300        -3.86839    0.03311     -3.83528    256.13   6.76106     0.00121     3.84      3.84      3.84      40.048    0.0         24.27    0.33854    
 9400        -3.8488     0.03257     -3.81624    251.94   6.98415     0.00124     3.84      3.84      3.84      40.048    0.0         23.68    0.34408    
 9500        -3.80837    0.02441     -3.78396    188.85   6.96278     0.00122     3.84      3.84      3.84      40.048    0.0         20.53    0.34356    
 9600        -3.86167    0.02421     -3.83746    187.28   6.79051     0.00118     3.84      3.84      3.84      40.048    0.0         20.71    0.33928    
 9700        -3.85536    0.0484      -3.80696    374.43   6.79145     0.00117     3.84      3.84      3.84      40.048    0.0         29.28    0.3393     
 9800        -3.84391    0.02624     -3.81767    202.99   6.79416     0.00116     3.84      3.84      3.84      40.048    0.0         21.55    0.33937    
 9900        -3.85866    0.04524     -3.81342    350.01   6.91759     0.00116     3.84      3.84      3.84      40.048    0.0         28.04    0.34244    
 10000       -3.85354    0.01532     -3.83822    118.51   7.05219     0.00118     3.84      3.84      3.84      40.048    0.0         16.16    0.34575    
 10100       -3.87102    0.02258     -3.84843    174.72   6.86262     0.00113     3.84      3.84      3.84      40.048    0.0         19.89    0.34108    

Time averages:
             Epot        Ekin        Etot        Temp     MSD         Self_diff   Pressure    Spec_heat   DebyeT   Lindemann  
             eV/atom     eV/atom     eV/atom     K        Å^2         mm^2/s      GPa         J/(K*Kg)    K        1          
             -3.85864    0.03202     -3.82662    247.74   6.84574     0.00217     0.0         479.51365   23.39    0.34064    