Material ID: Al_MTP_06_1000_eq_2000_ranfor_10000
Unit cell composition: Al32
Material:  Al
Site positions of initial unit cell:
 Al          Al          Al          Al         
 0.00000     0.00000     2.02395     2.02395    
 0.00000     2.02395     0.00000     2.02395    
 0.00000     2.02395     2.02395     0.00000    
Properties:
 Time        Epot        Ekin        Etot        Temp     MSD         Self_diff   LC_a      LC_b      LC_c      Volume      Pressure    DebyeT   Lindemann 
 fs          eV/atom     eV/atom     eV/atom     K        Å^2         mm^2/s      Å         Å         Å         Å^3/atom    GPa        K        1          
 100         -3.72936    0.03885     -3.69051    300.54   0.0         0.0         4.048     4.048     4.048     16.582    0.0         inf      0.0        
 200         -3.70588    0.03293     -3.67295    254.77   0.01495     0.00012     4.048     4.048     4.048     16.582    0.0         525.15   0.02136    
 300         -3.70002    0.0332      -3.66682    256.88   0.02003     0.00011     4.048     4.048     4.048     16.582    0.0         455.51   0.02472    
 400         -3.70146    0.03782     -3.66364    292.59   0.01864     8e-05       4.048     4.048     4.048     16.582    0.0         503.99   0.02385    
 500         -3.69375    0.03956     -3.65419    306.05   0.02382     8e-05       4.048     4.048     4.048     16.582    0.0         456.01   0.02696    
 600         -3.68649    0.0412      -3.64528    318.77   0.03123     9e-05       4.048     4.048     4.048     16.582    0.0         406.4    0.03087    
 700         -3.68974    0.02795     -3.66179    216.24   0.02646     6e-05       4.048     4.048     4.048     16.582    0.0         363.65   0.02841    
 800         -3.69611    0.04551     -3.65061    352.05   0.02142     4e-05       4.048     4.048     4.048     16.582    0.0         515.72   0.02557    
 900         -3.6982     0.03663     -3.66157    283.38   0.01879     3e-05       4.048     4.048     4.048     16.582    0.0         494.03   0.02394    
 1000        -3.69144    0.04149     -3.64995    320.95   0.02452     4e-05       4.048     4.048     4.048     16.582    0.0         460.17   0.02736    
 1100        -3.69963    0.03556     -3.66406    275.14   0.02287     3e-05       4.048     4.048     4.048     16.582    0.0         441.19   0.02642    
 1200        -3.69093    0.03209     -3.65884    248.27   0.0261      4e-05       4.048     4.048     4.048     16.582    0.0         392.32   0.02822    
 1300        -3.69934    0.03372     -3.66562    260.88   0.01982     3e-05       4.048     4.048     4.048     16.582    0.0         461.46   0.02459    
 1400        -3.6958     0.03538     -3.66042    273.69   0.02209     3e-05       4.048     4.048     4.048     16.582    0.0         447.76   0.02596    
 1500        -3.69015    0.02839     -3.66176    219.65   0.02766     3e-05       4.048     4.048     4.048     16.582    0.0         358.46   0.02905    
 1600        -3.69099    0.03881     -3.65218    300.23   0.029       3e-05       4.048     4.048     4.048     16.582    0.0         409.3    0.02975    
 1700        -3.69485    0.03464     -3.66021    268.02   0.02892     3e-05       4.048     4.048     4.048     16.582    0.0         387.21   0.02971    
 1800        -3.68851    0.03353     -3.65497    259.43   0.02994     3e-05       4.048     4.048     4.048     16.582    0.0         374.42   0.03023    
 1900        -3.68782    0.03306     -3.65476    255.77   0.03146     3e-05       4.048     4.048     4.048     16.582    0.0         362.71   0.03098    
 2000        -3.69738    0.03838     -3.659      296.88   0.02033     2e-05       4.048     4.048     4.048     16.582    0.0         486.04   0.02491    
 2100        -3.6999     0.0332      -3.6667     256.87   0.02085     2e-05       4.048     4.048     4.048     16.582    0.0         446.53   0.02522    
 2200        -3.68521    0.03291     -3.6523     254.6    0.02824     2e-05       4.048     4.048     4.048     16.582    0.0         381.96   0.02935    
 2300        -3.69579    0.04351     -3.65228    336.65   0.02098     2e-05       4.048     4.048     4.048     16.582    0.0         509.48   0.02531    
 2400        -3.68943    0.02554     -3.66389    197.61   0.0272      2e-05       4.048     4.048     4.048     16.582    0.0         342.88   0.02881    
 2500        -3.68579    0.04362     -3.64217    337.45   0.03211     2e-05       4.048     4.048     4.048     16.582    0.0         412.34   0.0313     
 2600        -3.68341    0.03239     -3.65101    250.61   0.03448     2e-05       4.048     4.048     4.048     16.582    0.0         342.93   0.03244    
 2700        -3.69063    0.04328     -3.64735    334.84   0.02939     2e-05       4.048     4.048     4.048     16.582    0.0         429.38   0.02995    
 2800        -3.69256    0.03484     -3.65772    269.53   0.0244      1e-05       4.048     4.048     4.048     16.582    0.0         422.74   0.02729    
 2900        -3.69879    0.03788     -3.66091    293.05   0.02058     1e-05       4.048     4.048     4.048     16.582    0.0         479.98   0.02506    
 3000        -3.69494    0.0371      -3.65784    287.03   0.0237      1e-05       4.048     4.048     4.048     16.582    0.0         442.68   0.02689    
 3100        -3.68745    0.06376     -3.62369    493.23   0.03008     2e-05       4.048     4.048     4.048     16.582    0.0         515.09   0.0303     
 3200        -3.68851    0.03252     -3.65599    251.61   0.02837     1e-05       4.048     4.048     4.048     16.582    0.0         378.85   0.02942    
 3300        -3.69307    0.03413     -3.65894    264.07   0.02529     1e-05       4.048     4.048     4.048     16.582    0.0         411.07   0.02778    
 3400        -3.69512    0.0407      -3.65442    314.84   0.02187     1e-05       4.048     4.048     4.048     16.582    0.0         482.63   0.02583    
 3500        -3.68719    0.0363      -3.65089    280.86   0.0309      1e-05       4.048     4.048     4.048     16.582    0.0         383.5    0.03071    
 3600        -3.68016    0.04218     -3.63798    326.32   0.03789     2e-05       4.048     4.048     4.048     16.582    0.0         373.28   0.034      
 3700        -3.68926    0.0485      -3.64076    375.18   0.02807     1e-05       4.048     4.048     4.048     16.582    0.0         465.08   0.02926    
 3800        -3.69314    0.02935     -3.66379    227.06   0.02434     1e-05       4.048     4.048     4.048     16.582    0.0         388.55   0.02725    
 3900        -3.70721    0.04136     -3.66585    319.98   0.01552     1e-05       4.048     4.048     4.048     16.582    0.0         577.64   0.02176    
 4000        -3.69768    0.02816     -3.66952    217.86   0.02002     1e-05       4.048     4.048     4.048     16.582    0.0         419.58   0.02472    
 4100        -3.69658    0.03726     -3.65932    288.27   0.02099     1e-05       4.048     4.048     4.048     16.582    0.0         471.39   0.02531    
 4200        -3.69673    0.03822     -3.65852    295.65   0.02233     1e-05       4.048     4.048     4.048     16.582    0.0         462.88   0.0261     
 4300        -3.69518    0.0465      -3.64869    359.72   0.02371     1e-05       4.048     4.048     4.048     16.582    0.0         495.51   0.0269     
 4400        -3.70374    0.04751     -3.65624    367.52   0.01852     1e-05       4.048     4.048     4.048     16.582    0.0         566.7    0.02377    
 4500        -3.6892     0.04074     -3.64846    315.17   0.02604     1e-05       4.048     4.048     4.048     16.582    0.0         442.55   0.02819    
 4600        -3.70112    0.03082     -3.6703     238.43   0.01952     1e-05       4.048     4.048     4.048     16.582    0.0         444.59   0.02441    
 4700        -3.68891    0.02814     -3.66077    217.7    0.03237     1e-05       4.048     4.048     4.048     16.582    0.0         329.87   0.03143    
 4800        -3.6899     0.02617     -3.66373    202.43   0.03127     1e-05       4.048     4.048     4.048     16.582    0.0         323.66   0.03089    
 4900        -3.68091    0.03126     -3.64965    241.81   0.03548     1e-05       4.048     4.048     4.048     16.582    0.0         332.06   0.03291    
 5000        -3.68888    0.02823     -3.66065    218.39   0.02809     1e-05       4.048     4.048     4.048     16.582    0.0         354.7    0.02928    
 5100        -3.68677    0.03876     -3.64801    299.88   0.0309      1e-05       4.048     4.048     4.048     16.582    0.0         396.27   0.03071    
 5200        -3.69445    0.03702     -3.65743    286.42   0.02475     1e-05       4.048     4.048     4.048     16.582    0.0         432.71   0.02748    
 5300        -3.68785    0.03129     -3.65656    242.1    0.03229     1e-05       4.048     4.048     4.048     16.582    0.0         348.3    0.03139    
 5400        -3.6949     0.0448      -3.6501     346.59   0.02662     1e-05       4.048     4.048     4.048     16.582    0.0         458.96   0.0285     
 5500        -3.68625    0.04439     -3.64185    343.44   0.02821     1e-05       4.048     4.048     4.048     16.582    0.0         443.86   0.02934    
 5600        -3.69988    0.03888     -3.661      300.8    0.0209      1e-05       4.048     4.048     4.048     16.582    0.0         482.54   0.02526    
 5700        -3.69527    0.04311     -3.65216    333.52   0.0243      1e-05       4.048     4.048     4.048     16.582    0.0         471.25   0.02723    
 5800        -3.68638    0.03804     -3.64834    294.31   0.03138     1e-05       4.048     4.048     4.048     16.582    0.0         389.57   0.03094    
 5900        -3.6958     0.03316     -3.66264    256.56   0.02355     1e-05       4.048     4.048     4.048     16.582    0.0         419.81   0.02681    
 6000        -3.68753    0.03952     -3.64801    305.76   0.03079     1e-05       4.048     4.048     4.048     16.582    0.0         400.86   0.03065    
 6100        -3.70152    0.04824     -3.65328    373.21   0.01963     1e-05       4.048     4.048     4.048     16.582    0.0         554.62   0.02448    
 6200        -3.69237    0.04312     -3.64925    333.59   0.02682     1e-05       4.048     4.048     4.048     16.582    0.0         448.65   0.02861    
 6300        -3.6951     0.04395     -3.65114    340.04   0.02247     1e-05       4.048     4.048     4.048     16.582    0.0         494.79   0.02619    
 6400        -3.69972    0.03308     -3.66664    255.95   0.01866     0.0         4.048     4.048     4.048     16.582    0.0         471.08   0.02386    
 6500        -3.69993    0.03492     -3.66501    270.18   0.02083     1e-05       4.048     4.048     4.048     16.582    0.0         458.17   0.02521    
 6600        -3.69846    0.03311     -3.66535    256.14   0.02287     1e-05       4.048     4.048     4.048     16.582    0.0         425.72   0.02642    
 6700        -3.69345    0.03834     -3.6551     296.62   0.02836     1e-05       4.048     4.048     4.048     16.582    0.0         411.37   0.02942    
 6800        -3.69154    0.03731     -3.65423    288.65   0.03165     1e-05       4.048     4.048     4.048     16.582    0.0         384.14   0.03108    
 6900        -3.6922     0.04324     -3.64896    334.48   0.02929     1e-05       4.048     4.048     4.048     16.582    0.0         429.88   0.02989    
 7000        -3.69198    0.04062     -3.65136    314.22   0.0253      1e-05       4.048     4.048     4.048     16.582    0.0         448.31   0.02778    
 7100        -3.70133    0.04116     -3.66017    318.43   0.01994     0.0         4.048     4.048     4.048     16.582    0.0         508.36   0.02467    
 7200        -3.68275    0.03879     -3.64396    300.07   0.03026     1e-05       4.048     4.048     4.048     16.582    0.0         400.58   0.03039    
 7300        -3.68972    0.03523     -3.65449    272.54   0.02665     1e-05       4.048     4.048     4.048     16.582    0.0         406.8    0.02852    
 7400        -3.69352    0.03399     -3.65953    262.94   0.02521     1e-05       4.048     4.048     4.048     16.582    0.0         410.77   0.02774    
 7500        -3.69274    0.03059     -3.66215    236.65   0.02393     1e-05       4.048     4.048     4.048     16.582    0.0         400.03   0.02702    
 7600        -3.69648    0.05024     -3.64624    388.64   0.02282     1e-05       4.048     4.048     4.048     16.582    0.0         524.9    0.02639    
 7700        -3.69785    0.03502     -3.66282    270.95   0.01884     0.0         4.048     4.048     4.048     16.582    0.0         482.39   0.02398    
 7800        -3.70254    0.03784     -3.66469    292.78   0.01677     0.0         4.048     4.048     4.048     16.582    0.0         531.49   0.02262    
 7900        -3.68008    0.04151     -3.63857    321.13   0.02837     1e-05       4.048     4.048     4.048     16.582    0.0         427.97   0.02942    
 8000        -3.69461    0.03115     -3.66346    240.99   0.02854     1e-05       4.048     4.048     4.048     16.582    0.0         369.61   0.02951    
 8100        -3.69208    0.03939     -3.65269    304.76   0.02479     1e-05       4.048     4.048     4.048     16.582    0.0         445.99   0.0275     
 8200        -3.69505    0.03715     -3.65791    287.38   0.023       0.0         4.048     4.048     4.048     16.582    0.0         449.62   0.02649    
 8300        -3.69706    0.03062     -3.66644    236.92   0.02418     0.0         4.048     4.048     4.048     16.582    0.0         398.17   0.02716    
 8400        -3.68401    0.03337     -3.65064    258.14   0.03531     1e-05       4.048     4.048     4.048     16.582    0.0         343.96   0.03282    
 8500        -3.69331    0.03702     -3.65629    286.39   0.02688     1e-05       4.048     4.048     4.048     16.582    0.0         415.23   0.02864    
 8600        -3.6947     0.04312     -3.65158    333.58   0.02312     0.0         4.048     4.048     4.048     16.582    0.0         483.15   0.02656    
 8700        -3.70126    0.03739     -3.66387    289.24   0.02256     0.0         4.048     4.048     4.048     16.582    0.0         455.45   0.02624    
 8800        -3.69725    0.0378      -3.65945    292.44   0.02334     0.0         4.048     4.048     4.048     16.582    0.0         450.28   0.02669    
 8900        -3.69462    0.02366     -3.67096    183.04   0.02286     0.0         4.048     4.048     4.048     16.582    0.0         359.97   0.02641    
 9000        -3.69606    0.02977     -3.66629    230.32   0.02383     0.0         4.048     4.048     4.048     16.582    0.0         395.5    0.02696    
 9100        -3.69015    0.03967     -3.65048    306.91   0.02607     0.0         4.048     4.048     4.048     16.582    0.0         436.42   0.02821    
 9200        -3.69253    0.04072     -3.65181    314.99   0.02564     0.0         4.048     4.048     4.048     16.582    0.0         445.83   0.02797    
 9300        -3.68963    0.03938     -3.65024    304.68   0.02783     0.0         4.048     4.048     4.048     16.582    0.0         420.9    0.02914    
 9400        -3.68835    0.04151     -3.64684    321.14   0.02833     1e-05       4.048     4.048     4.048     16.582    0.0         428.27   0.0294     
 9500        -3.69581    0.03602     -3.65979    278.65   0.02393     0.0         4.048     4.048     4.048     16.582    0.0         434.03   0.02702    
 9600        -3.69595    0.03977     -3.65618    307.66   0.02542     0.0         4.048     4.048     4.048     16.582    0.0         442.54   0.02785    
 9700        -3.69933    0.04248     -3.65685    328.65   0.02343     0.0         4.048     4.048     4.048     16.582    0.0         476.41   0.02674    
 9800        -3.69567    0.0351      -3.66057    271.52   0.02746     0.0         4.048     4.048     4.048     16.582    0.0         399.97   0.02895    
 9900        -3.68839    0.05191     -3.63648    401.6    0.03391     1e-05       4.048     4.048     4.048     16.582    0.0         437.75   0.03217    
 10000       -3.69049    0.03335     -3.65714    257.98   0.03328     1e-05       4.048     4.048     4.048     16.582    0.0         354.16   0.03187    
 10100       -3.69187    0.03571     -3.65616    276.28   0.0304      1e-05       4.048     4.048     4.048     16.582    0.0         383.49   0.03046    

Time averages:
             Epot        Ekin        Etot        Temp     MSD         Self_diff   Pressure    Spec_heat   DebyeT   Lindemann  
             eV/atom     eV/atom     eV/atom     K        Å^2         mm^2/s      GPa         J/(K*Kg)    K        1          
             -3.69291    0.03785     -3.65506    292.84   0.02598     1e-05       0.0         501.33718   430.93   0.02804    