Material ID: Al_MTP_06_100_eq_2000_offset_2000_ranfor_10000
Unit cell composition: Al32
Material:  Al
Site positions of initial unit cell:
 Al          Al          Al          Al         
 0.00000     0.00000     2.02395     2.02395    
 0.00000     2.02395     0.00000     2.02395    
 0.00000     2.02395     2.02395     0.00000    
Properties:
 Time        Epot        Ekin        Etot        Temp     MSD         Self_diff   LC_a      LC_b      LC_c      Volume      Pressure    DebyeT   Lindemann 
 fs          eV/atom     eV/atom     eV/atom     K        Å^2         mm^2/s      Å         Å         Å         Å^3/atom    GPa        K        1          
 100         -3.69359    0.03697     -3.65662    286.02   0.00119     2e-05       4.048     4.048     4.048     16.582    0.0         1970.92  0.00603    
 200         -3.6971     0.03872     -3.65838    299.51   0.00051     0.0         4.048     4.048     4.048     16.582    0.0         3088.1   0.00394    
 300         -3.69289    0.03723     -3.65567    288.01   0.00061     0.0         4.048     4.048     4.048     16.582    0.0         2771.71  0.0043     
 400         -3.69557    0.04131     -3.65425    319.6    0.00091     0.0         4.048     4.048     4.048     16.582    0.0         2388.79  0.00526    
 500         -3.69045    0.03823     -3.65222    295.73   0.00044     0.0         4.048     4.048     4.048     16.582    0.0         3282.11  0.00368    
 600         -3.68976    0.03613     -3.65363    279.54   0.0011      0.0         4.048     4.048     4.048     16.582    0.0         2029.93  0.00579    
 700         -3.69998    0.04706     -3.65292    364.11   0.00048     0.0         4.048     4.048     4.048     16.582    0.0         3520.8   0.00381    
 800         -3.69134    0.04216     -3.64918    326.16   0.00076     0.0         4.048     4.048     4.048     16.582    0.0         2630.77  0.00482    
 900         -3.69137    0.04097     -3.6504     316.95   0.0008      0.0         4.048     4.048     4.048     16.582    0.0         2525.71  0.00495    
 1000        -3.69103    0.03819     -3.65284    295.43   0.00064     0.0         4.048     4.048     4.048     16.582    0.0         2740.0   0.00441    
 1100        -3.69383    0.0425      -3.65134    328.77   0.0008      0.0         4.048     4.048     4.048     16.582    0.0         2578.18  0.00494    
 1200        -3.69546    0.04591     -3.64955    355.16   0.00067     0.0         4.048     4.048     4.048     16.582    0.0         2918.56  0.00454    
 1300        -3.6931     0.04281     -3.65029    331.2    0.00067     0.0         4.048     4.048     4.048     16.582    0.0         2819.9   0.00453    
 1400        -3.69111    0.03621     -3.6549     280.1    0.00083     0.0         4.048     4.048     4.048     16.582    0.0         2331.94  0.00504    
 1500        -3.68656    0.03406     -3.6525     263.5    0.00075     0.0         4.048     4.048     4.048     16.582    0.0         2378.53  0.0048     
 1600        -3.69673    0.04741     -3.64932    366.77   0.00068     0.0         4.048     4.048     4.048     16.582    0.0         2956.31  0.00455    
 1700        -3.68793    0.03422     -3.65371    264.72   0.00074     0.0         4.048     4.048     4.048     16.582    0.0         2413.15  0.00474    
 1800        -3.70097    0.04572     -3.65525    353.69   0.00056     0.0         4.048     4.048     4.048     16.582    0.0         3207.2   0.00412    
 1900        -3.69154    0.03755     -3.65399    290.52   0.00071     0.0         4.048     4.048     4.048     16.582    0.0         2575.45  0.00465    
 2000        -3.69785    0.04217     -3.65568    326.23   0.00065     0.0         4.048     4.048     4.048     16.582    0.0         2856.02  0.00444    
 2100        -3.69343    0.03672     -3.6567     284.11   0.00075     0.0         4.048     4.048     4.048     16.582    0.0         2477.42  0.00478    
 2200        -3.69549    0.03893     -3.65656    301.18   0.00074     0.0         4.048     4.048     4.048     16.582    0.0         2567.38  0.00475    
 2300        -3.69411    0.03413     -3.65999    264.03   0.00073     0.0         4.048     4.048     4.048     16.582    0.0         2419.82  0.00472    
 2400        -3.69264    0.03696     -3.65568    285.96   0.00064     0.0         4.048     4.048     4.048     16.582    0.0         2681.66  0.00443    
 2500        -3.69244    0.04009     -3.65235    310.15   0.00071     0.0         4.048     4.048     4.048     16.582    0.0         2651.27  0.00467    
 2600        -3.6908     0.0401      -3.6507     310.23   0.00074     0.0         4.048     4.048     4.048     16.582    0.0         2601.07  0.00476    
 2700        -3.68807    0.03514     -3.65293    271.87   0.0008      0.0         4.048     4.048     4.048     16.582    0.0         2347.79  0.00493    
 2800        -3.68964    0.04262     -3.64702    329.74   0.00081     0.0         4.048     4.048     4.048     16.582    0.0         2561.53  0.00498    
 2900        -3.69115    0.03882     -3.65233    300.31   0.00082     0.0         4.048     4.048     4.048     16.582    0.0         2428.22  0.00501    
 3000        -3.69488    0.03803     -3.65685    294.23   0.00064     0.0         4.048     4.048     4.048     16.582    0.0         2735.88  0.00441    
 3100        -3.69489    0.03492     -3.65996    270.18   0.00084     0.0         4.048     4.048     4.048     16.582    0.0         2282.85  0.00506    
 3200        -3.687      0.03102     -3.65597    240.01   0.0007      0.0         4.048     4.048     4.048     16.582    0.0         2359.99  0.00461    
 3300        -3.69922    0.03829     -3.66092    296.24   0.00075     0.0         4.048     4.048     4.048     16.582    0.0         2526.8   0.00479    
 3400        -3.70505    0.04098     -3.66407    317.07   0.00067     0.0         4.048     4.048     4.048     16.582    0.0         2759.92  0.00453    
 3500        -3.6964     0.03678     -3.65962    284.52   0.00061     0.0         4.048     4.048     4.048     16.582    0.0         2744.23  0.00432    
 3600        -3.69185    0.03002     -3.66183    232.26   0.00085     0.0         4.048     4.048     4.048     16.582    0.0         2108.21  0.00508    
 3700        -3.69092    0.02964     -3.66128    229.34   0.00068     0.0         4.048     4.048     4.048     16.582    0.0         2336.16  0.00455    
 3800        -3.69654    0.04133     -3.65521    319.78   0.00074     0.0         4.048     4.048     4.048     16.582    0.0         2648.86  0.00474    
 3900        -3.69149    0.03702     -3.65447    286.37   0.00087     0.0         4.048     4.048     4.048     16.582    0.0         2308.99  0.00515    
 4000        -3.69379    0.03623     -3.65756    280.31   0.00054     0.0         4.048     4.048     4.048     16.582    0.0         2904.84  0.00405    
 4100        -3.68588    0.03165     -3.65424    244.84   0.00095     0.0         4.048     4.048     4.048     16.582    0.0         2045.39  0.00538    
 4200        -3.68966    0.03345     -3.6562     258.81   0.00069     0.0         4.048     4.048     4.048     16.582    0.0         2463.54  0.00459    
 4300        -3.6994     0.03963     -3.65977    306.58   0.00055     0.0         4.048     4.048     4.048     16.582    0.0         3001.25  0.0041     
 4400        -3.69071    0.02694     -3.66377    208.45   0.00076     0.0         4.048     4.048     4.048     16.582    0.0         2109.37  0.00481    
 4500        -3.70439    0.03998     -3.66441    309.31   0.00057     0.0         4.048     4.048     4.048     16.582    0.0         2956.83  0.00418    
 4600        -3.69961    0.03176     -3.66785    245.72   0.00078     0.0         4.048     4.048     4.048     16.582    0.0         2254.1   0.00489    
 4700        -3.69817    0.03645     -3.66172    281.98   0.00064     0.0         4.048     4.048     4.048     16.582    0.0         2675.96  0.00441    
 4800        -3.69821    0.03455     -3.66366    267.27   0.00067     0.0         4.048     4.048     4.048     16.582    0.0         2545.84  0.00451    
 4900        -3.69454    0.03309     -3.66145    255.99   0.00084     0.0         4.048     4.048     4.048     16.582    0.0         2220.93  0.00506    
 5000        -3.69729    0.04451     -3.65278    344.34   0.00061     0.0         4.048     4.048     4.048     16.582    0.0         3030.64  0.0043     
 5100        -3.69386    0.0378      -3.65606    292.45   0.00078     0.0         4.048     4.048     4.048     16.582    0.0         2456.2   0.00489    
 5200        -3.70068    0.04278     -3.6579     330.97   0.00066     0.0         4.048     4.048     4.048     16.582    0.0         2858.03  0.00447    
 5300        -3.69994    0.0429      -3.65703    331.91   0.00052     0.0         4.048     4.048     4.048     16.582    0.0         3211.04  0.00399    
 5400        -3.69705    0.04279     -3.65427    331.0    0.00078     0.0         4.048     4.048     4.048     16.582    0.0         2617.03  0.00488    
 5500        -3.68421    0.03487     -3.64934    269.74   0.00077     0.0         4.048     4.048     4.048     16.582    0.0         2386.52  0.00484    
 5600        -3.68522    0.03829     -3.64693    296.24   0.00088     0.0         4.048     4.048     4.048     16.582    0.0         2338.94  0.00517    
 5700        -3.68887    0.04261     -3.64626    329.64   0.00068     0.0         4.048     4.048     4.048     16.582    0.0         2801.1   0.00455    
 5800        -3.6944     0.05059     -3.64382    391.35   0.00074     0.0         4.048     4.048     4.048     16.582    0.0         2918.43  0.00476    
 5900        -3.69304    0.04191     -3.65112    324.26   0.00065     0.0         4.048     4.048     4.048     16.582    0.0         2830.98  0.00447    
 6000        -3.68946    0.04303     -3.64643    332.91   0.00075     0.0         4.048     4.048     4.048     16.582    0.0         2678.58  0.00479    
 6100        -3.68857    0.04125     -3.64732    319.14   0.00069     0.0         4.048     4.048     4.048     16.582    0.0         2736.0   0.00459    
 6200        -3.69588    0.05213     -3.64375    403.31   0.00067     0.0         4.048     4.048     4.048     16.582    0.0         3121.33  0.00452    
 6300        -3.68372    0.03955     -3.64417    305.94   0.00081     0.0         4.048     4.048     4.048     16.582    0.0         2477.84  0.00496    
 6400        -3.6883     0.04214     -3.64617    325.97   0.00072     0.0         4.048     4.048     4.048     16.582    0.0         2711.02  0.00468    
 6500        -3.69534    0.04565     -3.64968    353.18   0.00065     0.0         4.048     4.048     4.048     16.582    0.0         2956.45  0.00447    
 6600        -3.70155    0.05197     -3.64958    402.07   0.00072     0.0         4.048     4.048     4.048     16.582    0.0         2996.49  0.0047     
 6700        -3.69453    0.04276     -3.65177    330.78   0.00066     0.0         4.048     4.048     4.048     16.582    0.0         2854.5   0.00448    
 6800        -3.69559    0.03648     -3.6591     282.25   0.00078     0.0         4.048     4.048     4.048     16.582    0.0         2422.63  0.00487    
 6900        -3.68947    0.03116     -3.65831    241.06   0.00067     0.0         4.048     4.048     4.048     16.582    0.0         2410.79  0.00453    
 7000        -3.69485    0.03619     -3.65866    279.97   0.00086     0.0         4.048     4.048     4.048     16.582    0.0         2293.57  0.00513    
 7100        -3.69463    0.03427     -3.66037    265.1    0.00064     0.0         4.048     4.048     4.048     16.582    0.0         2582.53  0.00443    
 7200        -3.70371    0.0404      -3.66331    312.56   0.0007      0.0         4.048     4.048     4.048     16.582    0.0         2680.37  0.00463    
 7300        -3.69874    0.03814     -3.66061    295.03   0.0006      0.0         4.048     4.048     4.048     16.582    0.0         2823.53  0.00427    
 7400        -3.70014    0.0406      -3.65954    314.07   0.00071     0.0         4.048     4.048     4.048     16.582    0.0         2678.29  0.00465    
 7500        -3.6868     0.03138     -3.65541    242.8    0.00074     0.0         4.048     4.048     4.048     16.582    0.0         2296.9   0.00477    
 7600        -3.68919    0.03747     -3.65172    289.88   0.00068     0.0         4.048     4.048     4.048     16.582    0.0         2620.39  0.00457    
 7700        -3.69246    0.04353     -3.64893    336.74   0.00074     0.0         4.048     4.048     4.048     16.582    0.0         2711.53  0.00476    
 7800        -3.69322    0.04169     -3.65153    322.53   0.00072     0.0         4.048     4.048     4.048     16.582    0.0         2701.1   0.00467    
 7900        -3.69834    0.04654     -3.6518     360.05   0.00066     0.0         4.048     4.048     4.048     16.582    0.0         2966.13  0.0045     
 8000        -3.68407    0.03304     -3.65103    255.63   0.00081     0.0         4.048     4.048     4.048     16.582    0.0         2256.8   0.00498    

Time averages:
             Epot        Ekin        Etot        Temp     MSD         Self_diff   Pressure    Spec_heat   DebyeT   Lindemann  
             eV/atom     eV/atom     eV/atom     K        Å^2         mm^2/s      GPa         J/(K*Kg)    K        1          
             -3.69365    0.03899     -3.65466    301.64   0.00072     0.0         0.0         483.49966   2626.7   0.00467    