Material ID: Si_MTP_06_100_eq_0_offset_0_ranfor_10000
Unit cell composition: Si8
Material:  Si
Site positions of initial unit cell:
 Si         
 0.00000    
 0.00000    
 0.00000    
Properties:
 Time        Epot        Ekin        Etot        Temp     MSD         Self_diff   LC_a      LC_b      LC_c      Volume      Pressure    DebyeT   Lindemann 
 fs          eV/atom     eV/atom     eV/atom     K        Å^2         mm^2/s      Å         Å         Å         Å^3/atom    GPa        K        1          
 100         -5.65616    0.04369     -5.61247    338.0    0.0         0.0         3.84      3.84      3.84      40.048    0.0         0        0.0        
 200         -5.628      0.01397     -5.61403    108.04   0.00021     0.0         3.84      3.84      3.84      40.048    0.0         2800.47  0.00191    
 300         -5.6432     0.0303      -5.61291    234.38   0.00011     0.0         3.84      3.84      3.84      40.048    0.0         5730.41  0.00137    
 400         -5.63816    0.02777     -5.61039    214.85   0.00019     0.0         3.84      3.84      3.84      40.048    0.0         4180.96  0.0018     
 500         -5.63498    0.02781     -5.60717    215.13   0.00019     0.0         3.84      3.84      3.84      40.048    0.0         4151.38  0.00181    
 600         -5.63845    0.03249     -5.60597    251.32   0.00021     0.0         3.84      3.84      3.84      40.048    0.0         4343.28  0.00187    
 700         -5.6423     0.02734     -5.61495    211.54   0.00018     0.0         3.84      3.84      3.84      40.048    0.0         4324.32  0.00173    
 800         -5.6328     0.02698     -5.60582    208.73   0.00031     0.0         3.84      3.84      3.84      40.048    0.0         3213.86  0.00231    
 900         -5.63873    0.02949     -5.60925    228.11   0.00027     0.0         3.84      3.84      3.84      40.048    0.0         3650.44  0.00212    
 1000        -5.62944    0.01973     -5.60971    152.61   0.00034     0.0         3.84      3.84      3.84      40.048    0.0         2645.07  0.0024     
 1100        -5.63834    0.02069     -5.61765    160.05   0.0003      0.0         3.84      3.84      3.84      40.048    0.0         2883.94  0.00225    
 1200        -5.63367    0.0134      -5.62027    103.69   0.00031     0.0         3.84      3.84      3.84      40.048    0.0         2268.07  0.0023     
 1300        -5.63635    0.01131     -5.62505    87.46    0.00029     0.0         3.84      3.84      3.84      40.048    0.0         2153.11  0.00223    
 1400        -5.6426     0.02176     -5.62084    168.33   0.00025     0.0         3.84      3.84      3.84      40.048    0.0         3241.62  0.00205    
 1500        -5.61947    0.01027     -5.6092     79.44    0.00045     0.0         3.84      3.84      3.84      40.048    0.0         1655.75  0.00276    
 1600        -5.62998    0.02165     -5.60833    167.49   0.00039     0.0         3.84      3.84      3.84      40.048    0.0         2589.53  0.00257    
 1700        -5.63764    0.02716     -5.61048    210.1    0.0003      0.0         3.84      3.84      3.84      40.048    0.0         3300.05  0.00225    
 1800        -5.6227     0.01817     -5.60453    140.55   0.00035     0.0         3.84      3.84      3.84      40.048    0.0         2503.0   0.00243    
 1900        -5.62872    0.02579     -5.60293    199.54   0.00036     0.0         3.84      3.84      3.84      40.048    0.0         2927.55  0.00248    
 2000        -5.6348     0.0293      -5.60551    226.64   0.00029     0.0         3.84      3.84      3.84      40.048    0.0         3469.99  0.00223    
 2100        -5.62298    0.02226     -5.60071    172.23   0.00034     0.0         3.84      3.84      3.84      40.048    0.0         2804.17  0.0024     
 2200        -5.6306     0.03014     -5.60045    233.2    0.00029     0.0         3.84      3.84      3.84      40.048    0.0         3541.52  0.00221    
 2300        -5.63094    0.03178     -5.59916    245.87   0.00029     0.0         3.84      3.84      3.84      40.048    0.0         3645.44  0.00221    
 2400        -5.62694    0.02624     -5.6007     202.99   0.00029     0.0         3.84      3.84      3.84      40.048    0.0         3311.98  0.00221    
 2500        -5.62777    0.03134     -5.59643    242.43   0.00031     0.0         3.84      3.84      3.84      40.048    0.0         3458.94  0.00231    
 2600        -5.62456    0.03611     -5.58844    279.38   0.00039     0.0         3.84      3.84      3.84      40.048    0.0         3347.22  0.00256    
 2700        -5.61866    0.02962     -5.58904    229.14   0.00039     0.0         3.84      3.84      3.84      40.048    0.0         3016.2   0.00258    
 2800        -5.62669    0.03975     -5.58694    307.56   0.00036     0.0         3.84      3.84      3.84      40.048    0.0         3669.39  0.00245    
 2900        -5.62176    0.03268     -5.58908    252.85   0.00039     0.0         3.84      3.84      3.84      40.048    0.0         3158.87  0.00258    
 3000        -5.62138    0.03274     -5.58863    253.32   0.00045     0.0         3.84      3.84      3.84      40.048    0.0         2955.44  0.00276    
 3100        -5.61907    0.03212     -5.58695    248.51   0.00049     0.0         3.84      3.84      3.84      40.048    0.0         2797.89  0.00289    
 3200        -5.62629    0.03164     -5.59465    244.82   0.00039     0.0         3.84      3.84      3.84      40.048    0.0         3140.43  0.00256    
 3300        -5.6248     0.03259     -5.59221    252.13   0.00043     0.0         3.84      3.84      3.84      40.048    0.0         3020.61  0.0027     
 3400        -5.6267     0.02666     -5.60004    206.26   0.00039     0.0         3.84      3.84      3.84      40.048    0.0         2864.8   0.00257    
 3500        -5.62684    0.03076     -5.59607    238.0    0.00045     0.0         3.84      3.84      3.84      40.048    0.0         2857.03  0.00277    
 3600        -5.63218    0.03794     -5.59424    293.5    0.00038     0.0         3.84      3.84      3.84      40.048    0.0         3455.75  0.00254    
 3700        -5.62507    0.028       -5.59707    216.61   0.00042     0.0         3.84      3.84      3.84      40.048    0.0         2820.83  0.00268    
 3800        -5.63683    0.03564     -5.60118    275.76   0.00029     0.0         3.84      3.84      3.84      40.048    0.0         3837.47  0.00222    
 3900        -5.62491    0.02579     -5.59912    199.49   0.0004      0.0         3.84      3.84      3.84      40.048    0.0         2785.6   0.0026     
 4000        -5.63437    0.03699     -5.59738    286.19   0.00032     0.0         3.84      3.84      3.84      40.048    0.0         3735.87  0.00232    
 4100        -5.61884    0.02493     -5.59391    192.86   0.00046     0.0         3.84      3.84      3.84      40.048    0.0         2547.8   0.0028     
 4200        -5.62858    0.03937     -5.58921    304.61   0.00042     0.0         3.84      3.84      3.84      40.048    0.0         3374.92  0.00265    
 4300        -5.61094    0.02023     -5.59071    156.51   0.00062     0.0         3.84      3.84      3.84      40.048    0.0         1974.61  0.00325    
 4400        -5.62092    0.03598     -5.58494    278.33   0.00053     0.0         3.84      3.84      3.84      40.048    0.0         2866.85  0.00299    
 4500        -5.61539    0.0214      -5.59398    165.59   0.00061     0.0         3.84      3.84      3.84      40.048    0.0         2055.39  0.00321    
 4600        -5.62695    0.03105     -5.5959     240.25   0.0005      0.0         3.84      3.84      3.84      40.048    0.0         2732.58  0.00291    
 4700        -5.61241    0.01367     -5.59874    105.75   0.00061     0.0         3.84      3.84      3.84      40.048    0.0         1645.31  0.00321    
 4800        -5.64244    0.04358     -5.59886    337.13   0.00028     0.0         3.84      3.84      3.84      40.048    0.0         4347.83  0.00217    
 4900        -5.62289    0.02261     -5.60027    174.94   0.00036     0.0         3.84      3.84      3.84      40.048    0.0         2756.89  0.00246    
 5000        -5.63088    0.03325     -5.59762    257.27   0.00031     0.0         3.84      3.84      3.84      40.048    0.0         3569.94  0.00231    
 5100        -5.63368    0.03123     -5.60245    241.6    0.00031     0.0         3.84      3.84      3.84      40.048    0.0         3476.37  0.0023     
 5200        -5.61407    0.02152     -5.59255    166.48   0.00046     0.0         3.84      3.84      3.84      40.048    0.0         2369.71  0.0028     
 5300        -5.62682    0.03027     -5.59655    234.15   0.00037     0.0         3.84      3.84      3.84      40.048    0.0         3127.91  0.00251    
 5400        -5.62826    0.03897     -5.58929    301.48   0.0004      0.0         3.84      3.84      3.84      40.048    0.0         3443.84  0.00259    
 5500        -5.59786    0.01998     -5.57788    154.55   0.00058     0.0         3.84      3.84      3.84      40.048    0.0         2029.58  0.00314    
 5600        -5.61331    0.03277     -5.58054    253.52   0.0006      0.0         3.84      3.84      3.84      40.048    0.0         2565.78  0.00319    
 5700        -5.6213     0.04803     -5.57327    371.56   0.00047     0.0         3.84      3.84      3.84      40.048    0.0         3495.5   0.00283    
 5800        -5.60286    0.02869     -5.57417    221.96   0.00046     0.0         3.84      3.84      3.84      40.048    0.0         2737.48  0.00279    
 5900        -5.6367     0.05871     -5.57799    454.24   0.00028     0.0         3.84      3.84      3.84      40.048    0.0         5018.19  0.00218    
 6000        -5.61986    0.03373     -5.58613    260.97   0.00034     0.0         3.84      3.84      3.84      40.048    0.0         3455.69  0.0024     
 6100        -5.611      0.03705     -5.57395    286.64   0.00041     0.0         3.84      3.84      3.84      40.048    0.0         3286.14  0.00264    
 6200        -5.63723    0.06754     -5.56969    522.5    0.00027     0.0         3.84      3.84      3.84      40.048    0.0         5491.85  0.00214    
 6300        -5.61399    0.04338     -5.57061    335.64   0.00034     0.0         3.84      3.84      3.84      40.048    0.0         3912.07  0.0024     
 6400        -5.61605    0.04078     -5.57527    315.48   0.00038     0.0         3.84      3.84      3.84      40.048    0.0         3576.94  0.00255    
 6500        -5.63439    0.06261     -5.57178    484.39   0.00028     0.0         3.84      3.84      3.84      40.048    0.0         5151.81  0.00219    
 6600        -5.6083     0.04028     -5.56802    311.63   0.00041     0.0         3.84      3.84      3.84      40.048    0.0         3456.1   0.00262    
 6700        -5.6224     0.03864     -5.58376    298.96   0.00035     0.0         3.84      3.84      3.84      40.048    0.0         3625.72  0.00245    
 6800        -5.62977    0.03839     -5.59138    296.98   0.00034     0.0         3.84      3.84      3.84      40.048    0.0         3688.26  0.0024     
 6900        -5.62346    0.03253     -5.59093    251.67   0.0003      0.0         3.84      3.84      3.84      40.048    0.0         3597.42  0.00226    
 7000        -5.62298    0.04167     -5.58131    322.37   0.00038     0.0         3.84      3.84      3.84      40.048    0.0         3612.09  0.00255    
 7100        -5.62482    0.04478     -5.58004    346.4    0.00047     0.0         3.84      3.84      3.84      40.048    0.0         3394.32  0.00281    
 7200        -5.61998    0.03238     -5.5876     250.51   0.0006      0.0         3.84      3.84      3.84      40.048    0.0         2552.62  0.00318    
 7300        -5.6229     0.02142     -5.60148    165.75   0.00063     0.0         3.84      3.84      3.84      40.048    0.0         2018.68  0.00327    
 7400        -5.62301    0.01923     -5.60378    148.73   0.00063     0.0         3.84      3.84      3.84      40.048    0.0         1916.06  0.00327    
 7500        -5.62975    0.02194     -5.60781    169.74   0.0005      0.0         3.84      3.84      3.84      40.048    0.0         2296.66  0.00291    
 7600        -5.6316     0.02175     -5.60985    168.27   0.0004      0.0         3.84      3.84      3.84      40.048    0.0         2553.89  0.00261    
 7700        -5.62517    0.01859     -5.60658    143.79   0.00053     0.0         3.84      3.84      3.84      40.048    0.0         2055.14  0.003      
 7800        -5.63304    0.02314     -5.6099     179.04   0.00038     0.0         3.84      3.84      3.84      40.048    0.0         2719.46  0.00253    
 7900        -5.62141    0.0247      -5.59671    191.06   0.0005      0.0         3.84      3.84      3.84      40.048    0.0         2437.05  0.00291    
 8000        -5.63092    0.03156     -5.59936    244.18   0.00044     0.0         3.84      3.84      3.84      40.048    0.0         2929.71  0.00274    
 8100        -5.62413    0.02091     -5.60322    161.78   0.00041     0.0         3.84      3.84      3.84      40.048    0.0         2463.46  0.00265    
 8200        -5.63393    0.03228     -5.60166    249.7    0.00035     0.0         3.84      3.84      3.84      40.048    0.0         3342.99  0.00243    
 8300        -5.62893    0.0308      -5.59812    238.3    0.00037     0.0         3.84      3.84      3.84      40.048    0.0         3144.53  0.00252    
 8400        -5.6261     0.02651     -5.59958    205.12   0.00042     0.0         3.84      3.84      3.84      40.048    0.0         2769.19  0.00265    
 8500        -5.62954    0.02497     -5.60457    193.21   0.0004      0.0         3.84      3.84      3.84      40.048    0.0         2744.18  0.0026     
 8600        -5.6313     0.01681     -5.6145     130.01   0.00036     0.0         3.84      3.84      3.84      40.048    0.0         2384.18  0.00245    
 8700        -5.63256    0.02598     -5.60657    201.02   0.0004      0.0         3.84      3.84      3.84      40.048    0.0         2812.43  0.00259    
 8800        -5.62805    0.0289      -5.59915    223.57   0.00032     0.0         3.84      3.84      3.84      40.048    0.0         3295.76  0.00233    
 8900        -5.62474    0.02775     -5.59699    214.72   0.00038     0.0         3.84      3.84      3.84      40.048    0.0         2962.03  0.00254    
 9000        -5.63524    0.03825     -5.597      295.89   0.00034     0.0         3.84      3.84      3.84      40.048    0.0         3689.6   0.00239    
 9100        -5.61321    0.02321     -5.59       179.53   0.00045     0.0         3.84      3.84      3.84      40.048    0.0         2498.67  0.00275    
 9200        -5.63382    0.04447     -5.58935    344.0    0.00028     0.0         3.84      3.84      3.84      40.048    0.0         4358.26  0.00218    
 9300        -5.62669    0.03279     -5.59391    253.66   0.00039     0.0         3.84      3.84      3.84      40.048    0.0         3192.46  0.00256    
 9400        -5.63103    0.03767     -5.59336    291.43   0.00025     0.0         3.84      3.84      3.84      40.048    0.0         4271.67  0.00205    
 9500        -5.61218    0.03684     -5.57534    285.03   0.00053     0.0         3.84      3.84      3.84      40.048    0.0         2888.87  0.003      
 9600        -5.62774    0.0423      -5.58544    327.24   0.00044     0.0         3.84      3.84      3.84      40.048    0.0         3415.59  0.00272    
 9700        -5.61295    0.03176     -5.58119    245.74   0.00059     0.0         3.84      3.84      3.84      40.048    0.0         2537.95  0.00317    
 9800        -5.61737    0.03105     -5.58632    240.22   0.00058     0.0         3.84      3.84      3.84      40.048    0.0         2539.57  0.00313    
 9900        -5.62188    0.03624     -5.58564    280.35   0.00055     0.0         3.84      3.84      3.84      40.048    0.0         2806.18  0.00306    
 10000       -5.60821    0.03196     -5.57625    247.27   0.0006      0.0         3.84      3.84      3.84      40.048    0.0         2531.16  0.00319    
 10100       -5.60028    0.03249     -5.56779    251.33   0.0007      0.0         3.84      3.84      3.84      40.048    0.0         2370.7   0.00343    

Time averages:
             Epot        Ekin        Etot        Temp     MSD         Self_diff   Pressure    Spec_heat   DebyeT   Lindemann  
             eV/atom     eV/atom     eV/atom     K        Å^2         mm^2/s      GPa         J/(K*Kg)    K        1          
             -5.62587    0.03052     -5.59534    236.15   0.00039     0.0         0.0         476.02635   3131.42  0.00256    